0.842965
0.48616
0.800215
0.463386
0.433646
0.238626
0.658483
0.0409778
0.283197
0.640375
0.299278
0.960346
0.0165577
0.207371
0.86454
0.0130823
0.335778
0.800451
0.325762
0.714254
0.00168183
0.186545
0.56846
0.0679873
0.821739
0.452534
0.896765
0.571464
0.465677
0.734703
0.488015
0.315546
0.110102
0.244591
0.0228465
0.516558
0.207371
0.86454
0.0130823
0.335778
0.800451
0.325762
0.714254
0.00168183
0.186545
0.56846
0.0679873
0.821739
0.452534
0.896765
0.571464
0.465677
0.734703
0.488015
0.315546
0.110102
0.244591
0.0228465
0.516558
0.207371
0.86454
0.0130823
0.335778
0.800451
0.325762
0.714254
0.00168183
0.186545
0.56846
0.0679873
0.821739
0.452534
0.896765
0.571464
0.465677
0.734703
0.488015
0.315546
0.110102
0.244591
0.0228465
0.516558
0.207371
0.86454
0.0130823
0.335778
0.800451
0.325762
0.714254
0.00168183
0.186545
0.56846
0.0679873
0.821739
0.452534
0.896765
0.571464
0.465677
0.734703
0.488015
0.315546
0.110102
0.244591
0.0228465
0.516558
0.207371
0.86454
0.0130823
0.335778
0.800451
0.325762
0.714254
0.00168183
0.186545
0.56846
0.0679873
0.821739
0.452534
0.896765
0.571464
0.465677
0.734703
0.488015
0.315546
0.110102
0.244591
0.0228465
0.516558
0.207371
0.86454
0.0130823
0.335778
0.800451
0.325762
0.714254
0.00168183
0.186545
0.56846
0.0679873
0.821739
0.452534
0.896765
0.571464
0.465677
0.734703
0.488015
0.315546
0.110102
0.244591
0.0228465
0.516558
0.207371
0.86454
0.0130823
0.335778
0.800451
0.325762
0.714254
0.00168183
0.186545
0.56846
0.0679873
0.821739
0.452534
0.896765
0.571464
0.465677
0.734703
0.488015
0.315546
0.110102
0.244591
0.0228465
0.516558
0.207371
0.86454
0.0130823
0.335778
0.800451
0.325762
0.714254
0.00168183
0.186545
0.56846
0.0679873
0.821739
0.452534
0.896765
0.571464
0.465677
0.734703
0.488015
0.315546
0.110102
0.244591
0.0228465
0.516558
0.207371
0.86454
0.0130823
0.335778
0.800451
0.325762
0.714254
0.00168183
0.186545
0.56846
0.0679873
0.821739
0.452534
0.896765
0.571464
0.465677
0.734703
0.488015
0.315546
0.110102
0.244591
0.0228465
0.516558
0.207371
0.86454
0.0130823
0.335778
0.800451
0.325762
0.714254
0.00168183
0.186545
0.56846
0.0679873
0.821739
0.452534
0.896765
0.571464
0.465677
0.734703
0.488015
0.315546
0.110102
0.244591
0.0228465
0.516558
0.207371
0.86454
0.0130823
0.335778
0.800451
0.325762
0.714254
0.00168183
0.186545
0.56846
0.0679873
0.821739
0.452534
0.896765
0.571464
0.465677
0.734703
0.488015
0.315546
0.110102
0.244591
0.0228465
0.516558
0.207371
0.86454
0.0130823
0.335778
0.800451
0.325762
0.714254
0.00168183
0.186545
0.56846
0.0679873
0.821739
0.452534
0.896765
0.571464
0.465677
0.734703
0.488015
0.315546
0.110102
0.244591
0.0228465
0.516558
0.207371
0.86454
0.0130823
0.335778
0.800451
0.325762
0.714254
0.00168183
0.186545
0.56846
0.0679873
0.821739
0.452534
0.896765
0.571464
0.465677
0.734703
0.488015
0.315546
0.110102
0.244591
0.0228465
0.516558
0.207371
0.86454
0.0130823
0.335778
0.800451
0.325762
0.714254
0.00168183
0.186545
0.56846
0.0679873
0.821739
0.452534
0.896765
0.571464
0.465677
0.734703
0.488015
0.315546
0.110102
0.244591
0.0228465
0.516558
0.207371
0.86454
0.0130823
0.335778
0.800451
0.325762
0.714254
0.00168183
0.186545
0.56846
0.0679873
0.821739
0.452534
0.896765
0.571464
0.465677
0.734703
0.488015
0.315546
0.110102
0.244591
0.0228465
0.516558
0.207371
0.86454
0.0130823
0.335778
0.800451
0.325762
0.714254
0.00168183
0.186545
0.56846
0.0679873
0.821739
0.452534
0.896765
0.571464
0.465677
0.734703
0.488015
0.315546
0.110102
0.244591
0.0228465
0.516558
0.207371
0.86454
0.0130823
0.335778
0.800451
0.325762
0.714254
0.00168183
0.186545
0.56846
0.0679873
0.821739
0.452534
0.896765
0.571464
0.465677
0.734703
0.488015
0.315546
0.110102
0.244591
0.0228465
0.516558
0.207371
0.86454
0.0130823
0.335778
0.800451
0.325762
0.714254
0.00168183
0.186545
0.56846
0.0679873
0.821739
0.452534
0.896765
0.571464
0.465677
0.734703
0.488015
0.315546
0.110102
0.244591
0.0228465
0.516558
0.207371
0.86454
0.0130823
0.335778
0.800451
0.325762
0.714254
0.00168183
0.186545
0.56846
0.0679873
0.821739
0.452534
0.896765
0.571464
0.465677
0.734703
0.488015
0.315546
0.110102
0.244591
0.0228465
0.516558
0.207371
0.86454
0.0130823
0.335778
0.800451
0.325762
0.714254
0.00168183
0.186545
0.56846
0.0679873
0.821739
0.452534
0.896765
0.571464
0.465677
0.734703
0.488015
0.315546
0.110102
0.244591
0.0228465
0.516558
0.207371
0.86454
0.0130823
0.335778
0.800451
0.325762
0.714254
0.00168183
0.186545
0.56846
0.0679873
0.821739
0.452534
0.896765
0.571464
0.465677
0.734703
0.488015
0.315546
0.110102
0.244591
0.0228465
0.516558
0.207371
0.86454
0.0130823
0.335778
0.800451
0.325762
0.714254
0.00168183
0.186545
0.56846
0.0679873
0.821739
0.452534
0.896765
0.571464
0.465677
0.734703
0.488015
0.315546
0.110102
0.244591
0.0228465
0.516558
0.207371
0.86454
0.0130823
0.335778
0.800451
0.325762
0.714254
0.00168183
0.186545
0.56846
0.0679873
0.821739
0.452534
0.896765
0.571464
0.465677
0.734703
0.488015
0.315546
0.110102
0.244591
0.0228465
0.516558
0.207371
0.86454
0.0130823
0.335778
0.800451
0.325762
0.714254
0.00168183
0.186545
0.56846
0.0679873
0.821739
0.452534
0.896765
0.571464
0.465677
0.734703
0.488015
0.315546
0.110102
0.244591
0.0228465
0.516558
0.207371
0.86454
0.0130823
0.335778
0.800451
0.325762
0.714254
0.00168183
0.186545
0.56846
0.0679873
0.821739
0.452534
0.896765
0.571464
0.465677
0.734703
0.488015
0.315546
0.110102
0.244591
0.0228465
0.516558
0.207371
0.86454
0.0130823
0.335778
0.800451
0.325762
0.714254
0.00168183
0.186545
0.56846
0.0679873
0.821739
0.452534
0.896765
0.571464
0.465677
0.734703
0.488015
0.315546
0.110102
0.244591
0.0228465
0.516558
0.207371
0.86454
0.0130823
0.335778
0.800451
0.325762
0.714254
0.00168183
0.186545
0.56846
0.0679873
0.821739
0.452534
0.896765
0.571464
0.465677
0.734703
0.488015
0.315546
0.110102
0.244591
0.0228465
0.516558
0.207371
0.86454
0.0130823
0.335778
0.800451
0.325762
0.714254
0.00168183
0.186545
0.56846
0.0679873
0.821739
0.452534
0.896765
0.571464
0.465677
0.734703
0.488015
0.315546
0.110102
0.244591
0.0228465
0.516558
0.207371
0.86454
0.0130823
0.335778
0.800451
0.325762
0.714254
0.00168183
0.186545
0.56846
0.0679873
0.821739
0.452534
0.896765
0.571464
0.465677
0.734703
0.488015
0.315546
0.110102
0.244591
0.0228465
0.516558
0.207371
0.86454
0.0130823
0.335778
0.800451
0.325762
0.714254
0.00168183
0.186545
0.56846
0.0679873
0.821739
0.452534
0.896765
0.571464
0.465677
0.734703
0.488015
0.315546
0.110102
0.244591
0.0228465
0.516558
0.207371
0.86454
0.0130823
0.335778
0.800451
0.325762
0.714254
0.00168183
0.186545
0.56846
0.0679873
0.821739
0.452534
0.896765
0.571464
0.465677
0.734703
0.488015
0.315546
0.110102
0.244591
0.0228465
0.516558
0.207371
0.86454
0.0130823
0.335778
0.800451
0.325762
0.714254
0.00168183
0.186545
0.56846
0.0679873
0.821739
0.452534
0.896765
0.571464
0.465677
0.734703
0.488015
0.315546
0.110102
0.244591
0.0228465
0.516558
0.207371
0.86454
0.0130823
0.335778
0.800451
0.325762
0.714254
0.00168183
0.186545
0.56846
0.0679873
0.821739
0.452534
0.896765
0.571464
0.465677
0.734703
0.488015
0.315546
0.110102
0.244591
0.0228465
0.516558
0.207371
0.86454
0.0130823
0.335778
0.800451
0.325762
0.714254
0.00168183
0.186545
0.56846
0.0679873
0.821739
0.452534
0.896765
0.571464
0.465677
0.734703
0.488015
0.315546
0.110102
0.244591
0.0228465
0.516558
0.207371
0.86454
0.0130823
0.335778
0.800451
0.325762
0.714254
0.00168183
0.186545
0.56846
0.0679873
0.821739
0.452534
0.896765
0.571464
0.465677
0.734703
0.488015
0.315546
0.110102
0.244591
0.0228465
0.516558
0.207371
0.86454
0.0130823
0.335778
0.800451
0.325762
0.714254
0.00168183
0.186545
0.56846
0.0679873
0.821739
0.452534
0.896765
0.571464
0.465677
0.734703
0.488015
0.315546
0.110102
0.244591
0.0228465
0.516558
0.207371
0.86454
0.0130823
0.335778
0.800451
0.325762
0.714254
0.00168183
0.186545
0.56846
0.0679873
0.821739
0.452534
0.896765
0.571464
0.465677
0.734703
0.488015
0.315546
0.110102
0.244591
0.0228465
0.516558
0.207371
0.86454
0.0130823
0.335778
0.800451
0.325762
0.714254
0.00168183
0.186545
0.56846
0.0679873
0.821739
0.452534
0.896765
0.571464
0.465677
0.734703
0.488015
0.315546
0.110102
0.244591
0.0228465
0.516558
0.207371
0.86454
0.0130823
0.335778
0.800451
0.325762
0.714254
0.00168183
0.186545
0.56846
0.0679873
0.821739
0.452534
0.896765
0.571464
0.465677
0.734703
0.488015
0.315546
0.110102
0.244591
0.0228465
0.516558
0.207371
0.86454
0.0130823
0.335778
0.800451
0.325762
0.714254
0.00168183
0.186545
0.56846
0.0679873
0.821739
0.452534
0.896765
0.571464
0.465677
0.734703
0.488015
0.315546
0.110102
0.244591
0.0228465
0.516558
0.207371
0.86454
0.0130823
0.335778
0.800451
0.325762
0.714254
0.00168183
0.186545
0.56846
0.0679873
0.821739
0.452534
0.896765
0.571464
0.465677
0.734703
0.488015
0.315546
0.110102
0.244591
0.0228465
0.516558
0.207371
0.86454
0.0130823
0.335778
0.800451
0.325762
0.714254
0.00168183
0.186545
0.56846
0.0679873
0.821739
0.452534
0.896765
0.571464
0.465677
0.734703
0.488015
0.315546
0.110102
0.244591
0.0228465
0.516558
0.207371
0.86454
0.0130823
0.335778
0.800451
0.325762
0.714254
0.00168183
0.186545
0.56846
0.0679873
0.821739
0.452534
0.896765
0.571464
0.465677
0.734703
0.488015
0.315546
0.110102
0.244591
