-2.50459
-5.03381
-6.00709
1.58659
24.833
-1.4233
14.5259
-1.74367
-2.83498
1.55297
1.43517
5.27697
-0.469292
1.23344
1.98563
30.285
-2.98131
1.86432
4.41613
-30.2004
-14.1668
-15.3345
-1.15537
4.94485
-11.7176
-8.07497
-9.68816
-1.75208
-0.27779
0.429564
-1.78448
0.0191221
1.89189
0.997872
-6.3749
0.855187
0.502616
-4.4187
0.124638
1.47905
2.00828
-0.186562
-0.703925
5.04996
-3.38685
0.454532
5.08143
-0.648825
2.98111
1.27917
0.971742
12.6831
1.5747
-0.487869
-2.49945
2.44552
1.24865
6.63904
-6.1344
-4.90976
1.58707
-8.86382
-0.175501
1.61878
-0.121591
-0.194327
120.989
-1.67205
3.64673
0.935026
-0.0387213
9.95614
-1.75369
-2.24824
-1.10661
2.61916
2.84079
75.014
-0.750025
1.86449
-0.740727
0.0870429
-0.463965
-0.412552
2.51531
21.9334
3.86145
1.07836
2.29463
-2.3055
-2.07384
-0.9552
2.0146
-1.86309
0.757904
1.40961
14.3403
0.770647
-15.6207
-1.4878
-1.13473
0.3659
-4.31467
-0.188848
-0.125842
47.7167
1.86081
6.96213
-6.94153
2.51185
4.23725
8.80705
-5.77638
-8.92078
1.20374
2.84177
-0.393892
8.62483
-1.00562
-2.93742
0.476954
1.09347
-3.5761
-2.24633
10.0639
4.71592
-1.14221
11.3825
2.43842
77.3157
-1.96376
-1.42522
127.404
0.317055
-0.590307
2.6137
-2.18462
-40.9906
0.721178
-4.06063
14.8862
-2.61182
-279.954
-3.84684
7.89623
-2.53812
2.90134
1.91421
5.24085
0.66062
1.62595
0.689718
-1.08406
2.87522
2.51584
2.44546
-30.848
1.78999
-11.3022
-0.610459
-2.96405
-144.154
-0.8696
80.696
20.0021
1.32653
7.51522
-4.01661
-2.16583
2.10015
0.126565
1.37408
-1.63148
0.223598
-1.11385
0.34222
3.63629
-0.124254
-1.17355
-8.02546
-3.04717
-4.39238
-0.351446
-8.91772
-4.55729
4.93042
1.25828
-0.502213
2.67755
-6.32855
6.01631
-2.63024
-2.27954
-0.140734
-1.99603
10.3634
2.36679
-2.06411
4.0466
-0.246532
-1.49311
36.4593
-11.1866
3.79808
1.10642
-2.49547
-2.38187
0.455863
-6.48707
16.5376
8.77161
-2.56557
-3.05922
-12.5894
1.95254
1.0863
-0.315736
-5.68193
-4.08691
-0.277069
-3.96658
-1.80016
-1.90822
-4.15664
-1.60673
-0.590277
-29.5222
1.49096
0.478381
1.18097
1.33782
0.397005
5.82812
49.782
-0.623622
3.04567
5.52557
-3.03851
-2.5148
-1.0997
-0.266234
0.738639
0.8772
2.23328
1.5404
-0.259018
19.8639
0.228279
-7.02485
-0.180697
-2.28385
0.465687
-26.375
6.70363
0.479001
-3.31642
-5.11224
-0.130449
-15.0446
0.413486
-3.7177
-8.63274
0.0914259
-0.0165104
0.154335
-18.2482
3.93295
0.43839
-4.55319
-4.02839
1.38971
-1.9876
1.87582
125.546
-15.99
-0.412308
4.11858
1.71712
-1.00714
-9.02209
1.78345
0.977067
-0.130278
-1.39921
4.91091
-0.00278454
12.7124
2.8483
0.0416176
-12.8094
-1.83841
8.60018
0.0505957
0.397053
1.04494
-1.36169
21.8668
19.0952
-1.88207
-1.55007
-3.48786
2.23481
-3.46847
3.08894
2.37526
-1.70305
-3.45171
-0.656512
9.90595
3.143
8.48224
-6.29586
-2.77531
12.4629
17.9926
9.33367
0.750767
-0.787578
-1.25275
-1.10547
3.8523
5.25961
-2.32201
1.19035
0.00926008
-0.526993
-8.90171
-1.38486
1.53323
6.92065
0.00102831
2.39922
1.51825
-0.145819
0.63541
-2.75399
0.0097124
2.80996
-1.73438
-2.10106
-7.95577
0.295984
-0.802693
3.33158
1.02106
-2.75602
-3.38966
-0.85092
0.881247
0.519049
-0.0730841
-1.37862
-2.00033
0.575734
0.500865
2.95534
2.31296
-24.2875
-2.21065
2.46367
2.23907
3.84713
3.39992
6.16444
-0.529062
-1.2116
7.72731
3.41642
2.07117
22.1918
4.35411
175.136
-2.28335
-2.4396
0.723427
1.8012
-6.55647
-1.01013
-0.826659
1.16882
2.74328
5.25926
-0.653956
0.974079
39.5792
3.6641
-0.433497
1.60645
1.89263
0.565209
-1.8173
0.163096
3.01357
0.200777
0.743817
8.60163
1.02855
2.58891
-0.651199
0.438229
-9.17902
-5.30949
-5.422
-0.16614
1.38404
6.62485
-2.0659
2.26402
-2.66401
3.45207
-2.85365
-5.40684
-0.666905
-13.6779
1.47519
-0.953564
6.9884
77.74
1.16376
-6.31688
0.577158
-7.64498
-0.143357
0.367309
-1.83084
4.52852
-0.728411
0.780827
-0.160259
-0.756045
11.3823
-0.292945
0.689781
0.47735
2.91083
-2.14574
-1.44542
1.93885
-5.36463
-8.5854
-2.82838
1.60796
-2.97103
-10.7716
21.893
122.88
-0.135298
-0.178094
-1.42114
0.219967
-0.929272
2.8219
0.166362
1.13843
0.111341
-2876.61
-0.645355
0.935023
5.24571
0.838782
2.11205
-0.137837
-33.2106
-4.16976
-3.90424
-2.75384
-1.32721
1.17988
3.4504
-2.49214
0.108368
-2.34469
-0.627243
-1.02354
0.621693
8.73651
-0.171027
-45.6533
-1.63715
-7.10117
-2.52559
0.279096
0.183779
-7.19585
-1.53895
-3.8833
1.95359
3.47312
-0.693176
-2.56069
-3.45847
0.475582
-0.486147
1.68614
0.639675
-3.97299
79.8987
-0.481769
0.70988
-0.00136609
-278.107
-5.06918
1.62564
-0.821189
1.23709
5.12359
-0.361493
2.02963
-11.2223
-0.413827
-7.39086
-13.5577
25.6446
-0.152502
5.77007
-0.36522
-3.85305
1.57712
0.0381894
-0.151472
-9.19411
0.268981
2.1381
112.522
0.0533698
-1.25489
170.528
-0.873663
2.89143
-8.66827
-0.410513
1.11211
-3.48502
-20.6286
-4.91466
51.1095
22.7346
-2.18544
0.116131
17.2388
0.197284
0.637994
-0.798341
-2.0833
-6.40528
-1.01652
0.461146
5.34553
0.42141
-1.13048
-1.35973
7.88246
-13.0974
0.0852745
-1.52338
1.40627
0.401426
-0.158195
0.931754
-0.345877
0.591593
-1.99416
0.325005
0.781683
-0.543633
-3.34287
0.94297
6.51204
-1.71272
-0.795249
-23.9468
-0.255154
14.8003
-3.39422
1.12512
1.33271
21.0056
1.82227
-1.21915
-6.95834
1.07658
2.91026
2.22632
-3.70034
0.458804
-21.5102
-0.451208
7.42572
1.65737
4.64693
2.23959
0.359113
30.8137
2.71069
-0.606816
3.07591
2.15686
-0.153707
0.202205
-0.437775
-2.49008
-1.18274
16.7807
-0.0112222
-2.00586
-2.66288
-118.37
-56.8711
0.817412
-6.62645
-0.61674
-0.345805
-2.03879
1.51509
-0.410977
0.00278026
3.8883
-1.10231
-11.5249
-13.5667
2.21479
1.82108
-1.87697
-1.33505
5.00154
-1.18471
-3.02541
-0.207476
14.6087
32.5977
0.142919
-1.07647
0.964927
0.444514
0.661721
-1.89069
-0.692718
1.50799
1.25123
-12.5155
-11.7884
-0.15478
-1.49281
3.1819
-1.51621
1.38307
-2.54901
-2.67882
-1.90752
-0.930058
-3.32494
-4.26502
88.7204
0.682697
10.4912
-3.47139
0.536207
-397.238
9.44638
10.4604
-0.0244587
3.84668
-1.60412
-0.747753
-0.383348
0.533625
-5.26342
-3.38548
-0.074867
2.62726
-3.92718
0.0281558
-1.97079
-4.94039
0.907542
3.74965
5.95062
-2.12896
-2.59404
0.0235469
4.71853
-1.49627
0.135361
1.06269
-39.8786
1.58476
-1.30504
-0.296154
4.55465
0.956968
48.0724
-1.66681
1.92543
1.78678
2.47771
-2.22443
-0.135519
4.1693
0.341498
4.06734
1.47169
-6.21137
1.25987
0.575669
-3.55973
-2.33136
1.00594
-4.30638
-3.58951
9.18933
0.529528
-8.57324
1.41939
5.07214
-1.16624
1.36444
-26.1787
19.9053
-0.956678
-0.426859
-0.577876
-1.82977
3.09374
-7.77628
132.813
-0.278211
-3.95191
0.62706
2.90033
-0.251594
-4.99577
-1.64888
-12.6587
-1.39038
1.15315
5.31517
1.02483
118.337
-6.29361
-1.44904
2.04363
-3.71153
2.67096
2.74257
-0.784059
0.351939
-0.862001
7.71216
0.841301
5.73219
-0.581384
1.8517
-1.4781
1.88753
7.49151
-18.5926
0.371221
11.1165
2.87345
0.662406
-0.753551
4.28676
-3.46189
-4.10604
2.80508
-5.15484
-5.55924
-5.26979
0.783054
-11.1226
1.65439
-5.00981
7.29176
2.61143
-11.6444
0.557367
1.69161
-1.22886
-0.837051
1.9899
6.93346
0.113766
2.45921
198.251
-11.4112
2.35079
-1.30629
0.979172
-22.6412
-11.1737
0.770305
-0.636217
10.5593
1.59952
1.83782
12.7964
1.58772
12.7343
1.70594
1.58571
2.03785
3.1768
57.3059
-2.05445
1.50679
0.786733
13.6905
6.51163
-0.327851
14.5532
0.617939
0.45376
2.51706
3.1714
0.756323
-14.3401
-1.06318
-4.27825
2.20654
-0.730474
-11.5821
-2.19868
-0.68625
7.19104
11.6222
2.02583
17.6528
-0.564474
-1.40569
-4.24183
0.1916
-0.833542
2.19598
1.6064
-3.32645
0.63732
1.84865
-1.97218
-1.04425
-3.17028
1.97737
-0.159313
-75.8399
8.72587
-1.07748
1.11858
-2.34147
2.37012
15.9212
-0.304493
-0.260112
-0.780804
3.35817
17.442
1.50242
0.255787
-4.62311
1.56001
-17.9953
2.05948
-4.5575
72.0333
1.82608
-2.80797
0.579763
-6.95395
4.24684
-4.93453
-3.06562
-0.939555
1.43645
4.52786
1.87832
0.650159
-338.706
-0.930441
4.82629
-2.37512
-0.183524
-0.922406
2.86528
0.805691
0.868513
2.6464
2.68033
-2.65007
1.54962
3.2207
0.842321
-2.58367
-0.861053
1.4651
-0.366083
3.03942
1.07567
1.26137
-1.6139
1.30296
2.4051
-14.6525
-6.53092
0.64044
4.38833
3.11915
-0.240386
-1.95643
-2.02609
-0.222918
-4.28219
0.857921
-2.42051
4.32912
9.74328
1.03662
-7.13432
1.42248
3.60777
10.0062
-8.2153
5.41052
1.27453
1.75045
-0.120645
-2.62042
11.0196
15.9949
-2.12276
2.33092
-0.883303
-1.93429
-15.4533
0.333472
0.529113
-0.145394
5.75409
3.44246
0.613698
-0.788936
23.2589
-0.0452271
280.095
1.31639
-119.533
2.88488
-10.9371
-0.892094
-2.35275
-1.5208
2.67452
1.11773
0.0762146
3.06884
-1.83349
0.887908
0.755121
3.39778
3.60639
0.444519
-14.6266
-0.977229
-4.54598
-1.71258
-4.63267
-1.17713
0.268031
-77.8499
1.06915
3.64496
-8.38197
41.2588
8.26889
16.2798
7.54774
-16.4967
3.50953
-1.10139
1.06847
1.99697
7.21319
-0.488732
0.155551
0.871485
0.47735
573.821
-5.10708
-1.42376
0.411356
2.87024
6.65901
-13.4789
-3.8985
17.2201
-0.250252
-45.853
6.51145
-0.0202244
1.37502
-0.787373
-0.749329
-14.9128
