-1.26683
-13.2345
-2.79177
-2.53726
0.09636
-2.10446
-2.26149
-2.69831
-0.941731
-1.33606
-3.58778
-0.306842
-3.03343
-1.45321
3.21114
-0.115577
2.03984
-5.12867
-2.98635
0.0234998
-2.61273
-13.7531
-7.06927
-1.88585
-2.99488
-1.78977
-2.92772
-1.3675
-1.58417
-2.15844
3.57995
1.58877
-9.08319
-2.07598
26.3931
3.38767
-1.73175
-3.64687
-3.37853
-3.72053
-1.49879
0.638365
-1.25398
1.89056
-1.59123
1.66737
-1.52651
-2.00675
-0.413409
-2.7632
-3.72611
-2.2363
-19.9374
-0.934624
-1.68032
-3.63562
-0.529789
-0.762176
-2.22148
-1.99732
-2.11099
-2.81791
-2.23641
-3.57987
-2.92811
-2.09357
3.97848
-0.538698
-2.86327
-2.39933
-1.93735
-2.60706
-1.4587
-1.84437
-1.43552
0.555451
-2.3716
-2.00821
1.92512
-2.22527
-0.746821
-3.85942
0.156327
-2.66278
-2.21196
-7.78539
-1.71782
0.142582
-4.00605
-3.26996
-4.77959
-2.7248
-7.1879
-2.04051
0.482117
-2.03063
-2.43265
-2.72867
-2.09116
-3.06217
-3.49004
-1.3079
0.0203114
-1.18792
-18.7612
-4.36939
-1.96329
-2.39102
-0.227923
-1.90373
-3.56641
-2.76868
-2.09219
1.18158
-4.58045
-2.82678
-2.2677
-4.18203
2.72912
-2.66929
-1.37528
-4.10874
-2.41534
8.12255
-1.72537
-2.02987
-1.56848
4.3564
-2.63305
-4.75405
-1.61613
0.962203
-0.385419
-0.142443
-1.73744
8.28558
3.11364
-1.34949
-0.177588
0.436239
-2.67371
0.582334
-2.49521
-6.65314
-1.51912
-1.78913
-1.56301
-0.686589
-10.199
0.904009
-2.04527
-1.87707
-2.69584
-3.329
-2.26151
-2.17758
-3.14621
-1.22584
-2.21701
-0.907968
0.346657
-3.54832
-2.85438
-4.62094
-3.27169
-0.573059
-0.814276
-2.5624
10.1859
-0.328286
-1.52041
0.109787
-3.30886
-20.6505
-1.87595
-3.50821
-2.07146
-4.75074
-2.78731
-1.79386
-4.2084
-2.19813
-335.274
-1.13423
-0.689405
7.36733
-2.85451
-3.58006
-2.00229
-0.402806
-2.13743
-1.86029
-7.48548
8.37513
-1.81796
-3.69441
-1.38708
-2.12719
-2.18224
-3.64827
6.68472
96.8406
-1.65676
-3.84259
-10.5817
-5.60555
-3.43481
-1.36708
-1.76962
-2.31412
-0.695807
-1.09455
4.00508
-0.528731
-1.63477
5.64599
-1.9837
-1.54157
-5.19066
-1.65294
-34.9849
-0.601237
-3.05836
-5.66573
1.16427
-1.17852
-4.96231
-0.497901
-6.13099
-2.34652
-2.09207
-2.03604
-2.49747
-3.06492
-15.5513
-1.26685
-3.53491
2.15132
-1.32207
0.725378
-0.815737
-1.13624
-4.62171
-2.27432
2.80113
-2.65099
-2.48749
-2.76784
-2.47172
-2.48283
5.2581
-5.83627
-12.8034
-0.544536
-3.03591
-2.37759
-1.8414
-2.59115
-3.4154
-0.728933
-3.40238
8.58657
-1.31347
-2.20226
-4.53772
-1.63713
-1.76319
-1.92041
-2.31038
0.100153
-2.68698
-3.53646
-3.21244
-3.64699
-5.02137
-1.484
-4.36933
4.18012
-2.8136
-0.938537
-0.744296
-1.62905
-1.59262
-1.88271
-4.02493
-3.18477
-1.97522
-3.01231
-5.70412
-4.03309
-2.0369
-2.78694
-2.07945
-1.49079
-3.09583
-2.77451
-2.23464
-3.20966
0.95585
-2.2966
-0.611084
-2.45893
-1.24338
11.0186
2.03317
-2.26484
-2.11778
-3.21996
-1.13684
-1.98567
-2.2722
-1.02083
-4.03309
-2.30239
-1.92488
-0.30825
-2.6175
-12.4338
-29.688
-1.94705
-13.6871
-1.99177
-3.12279
-1.94717
95.383
-0.132809
-2.26028
-2.25007
-2.46965
-1.75135
-1.55627
-2.03077
28.1602
6.43255
-0.100589
0.714534
-1.22196
-11.656
-0.396891
-1.3752
0.36119
-1.87465
-2.60653
-2.17099
-0.919124
-1.80135
-2.50602
-2.49437
-2.31938
-1.81913
6.59715
-3.39682
1.04366
42.5385
-4.20549
-4.9776
-1.72775
-0.48117
-1.41868
-12.6013
-16.0312
0.440304
-0.0649951
-1.96155
-7.0091
-10.3086
0.555353
-2.95999
-1.08757
-2.49371
0.739186
-4.46831
-2.55169
2.88469
-1.92699
0.44056
3.77837
-3.17505
-0.917602
-2.1719
-2.02736
-0.180549
-2.68299
4.33149
-1.18878
-1.50638
-2.31468
-2.7111
-1.76002
-4.32906
5.07797
-5.89107
-5.92365
-3.19029
-3.21833
-1.63251
-2.54953
-1.30731
-2.46661
-3.12726
-1.858
-2.38432
-1.21399
-2.17771
-4.10278
-1.75846
1.88777
-1.71884
-2.06285
-1.8098
-2.76075
-2.18426
-1.51184
-3.19103
-2.27177
-0.835714
-1.79993
1.22584
-1.41922
-2.36421
-1.31897
0.741996
-1.99778
-1.48255
-2.00765
-2.79019
-1.69518
-2.78512
-2.63539
-1.75708
-3.70553
-2.46067
2.82374
-1.75975
-2.67474
20.5033
-1.37729
-17.9162
-3.55216
-1.70446
-2.53672
-1.71583
-2.33471
-2.37182
-1.85383
-1.82724
0.497201
-1.59903
-2.18538
2.73068
-0.869367
-0.545729
-0.882085
-2.66615
-1.38909
-2.6067
-2.11582
-4.96766
23.2978
-0.832302
-0.4272
-3.90908
-2.7792
-0.615989
-1.27484
0.442624
-1.38235
-2.62817
-1.60553
-1.16755
-12.7789
6.00219
-0.913794
-3.19514
-8.30239
-0.84784
-3.37768
-1.71935
1.06982
-1.91697
-2.50832
4.05809
-1.35641
-3.81489
-2.45934
-4.07048
-0.385591
-2.96265
-1.71366
-78.4001
-2.26111
-3.01612
-1.18515
-1.64798
-2.12131
-2.95111
-0.579937
-2.63707
-3.61036
103.396
29.9433
-1.18265
-3.20702
-0.949163
-1.43636
-3.11168
-1.75673
-2.93379
-6.38053
-2.95114
-4.05298
-0.420154
-1.60906
-2.47961
-2.50923
-2.35603
-2.82411
-3.68415
-63.4459
-0.134788
-2.67754
1.94192
-0.301706
-1.56327
-1.76167
-2.27755
-1.56799
-2.90621
-2.77032
-1.31077
-12.5751
-3.63365
-3.11626
-2.37148
-1.72106
-0.170764
-0.378548
-0.551478
-0.994118
-1.65163
-2.48613
-2.68389
-3.04025
-5.83006
-1.7638
-3.23747
-4.3308
-2.01878
-5.12932
-0.921893
-3.29691
-2.01528
-15.1301
-2.75576
-0.166832
1.53052
-3.3241
-0.801743
-1.12613
1.00063
0.249652
-4.68111
-2.13778
-1.24456
0.381113
-2.89551
-1.19519
-3.70283
-11.7371
-3.33627
-1.09353
-2.56535
-0.539419
-1.86347
-14.0905
-2.77587
-3.05142
-2.00839
-0.984358
-0.579136
-3.67873
-2.57197
-3.74981
-2.7149
-3.92477
-3.29372
-8.47022
-0.626875
-4.44751
-3.06284
-1.43002
-0.0492606
-3.11408
0.135774
0.9342
-1.10145
-2.1434
-4.496
-4.32127
0.294762
3.71556
-0.480968
7.32371
-4.69928
-1.93925
-0.863388
-1.40201
-1.2692
-1.52417
-2.22523
13.1728
-0.695298
-2.73548
-2.61004
2.20775
-1.63116
-0.768014
-2.51423
-5.28373
-3.9657
2.3415
1.06898
-1.1944
6.31476
-14.8009
-0.967263
-2.96158
-2.76456
-2.2057
-1.90354
-3.47262
-0.931346
-2.54957
-3.848
39.0514
-2.80487
-6.74613
-2.13456
-5.89163
-1.9504
-0.739753
-1.68898
-1.61608
-0.557466
-1.5795
1.63627
-23.1284
-3.85652
-2.57797
-0.92116
-1.49282
-2.1315
-6.64695
7.16132
-0.966916
-2.05646
-2.09605
-2.01531
-2.80892
-1.422
-2.10367
-3.63683
-1.62086
3.7509
-2.25596
-2.30505
-1.08149
-4.04648
-0.96953
-1.34001
0.144451
-1.46649
-9.59622
-2.22112
-1.84467
-6.83625
-2.77258
-3.25097
-0.775252
-0.644439
-3.48574
-0.626402
-5.73538
-1.93164
-2.40208
23.8332
-1.73097
4.61845
-2.53913
2.08605
-2.27618
0.701115
-2.54942
-3.4006
-3.33643
-2.79368
-0.720759
0.354185
-1.68441
16.0913
1.61213
-3.59213
-0.769224
-0.473358
-0.578611
-0.306794
-1.00281
-2.96797
-3.37127
-1.90818
-1.04111
-6.30438
-0.59674
-2.59763
-1.1429
-1.54136
-2.75268
0.116368
41.6623
-0.968372
-2.14143
-31.3358
-1.77364
-2.60755
-2.29006
-0.981989
-4.12867
-4.40179
-4.54327
-11.0475
-2.42902
-3.14395
-3.58249
0.243055
1.30423
-17.6373
-3.62863
-4.67222
-1.47719
-0.10751
-2.16425
-4.2242
-2.30581
-2.43457
-2.78597
-3.47675
-1.67565
-5.48291
-2.88457
-1.665
-1.57653
-2.22854
-1.97524
-8.91239
-1.60931
-2.3956
-1.12235
-0.473361
-2.64177
3.7865
1.93655
-2.60797
-2.82541
-2.53206
2.02146
-2.71473
-2.11293
-6.51995
-8.58051
-2.29851
-3.78532
-3.49137
-0.76744
-2.15247
-2.71684
-0.425126
-3.32846
-4.03671
31.9571
-0.819914
-1.54553
-14.6176
1.49077
-1.81674
-0.538101
-0.575781
-1.44563
-2.06705
-4.59875
3.32052
-1.98363
2.17041
45.6114
-2.06911
-1.97976
-0.554346
-0.00734191
-1.66785
-1.89921
-1.51008
-1.65034
-2.09479
-4.04815
3.38681
309.179
-6.58043
-3.33971
-3.29893
-63.52
-1.6876
-12.1557
-2.2608
0.156115
-2.74033
0.994012
-4.3847
-2.09791
0.62569
-2.80373
-2.05152
5.00551
-1.73106
-2.7436
-28.2473
-4.30017
-0.669821
-3.91654
-3.51309
-2.35598
2.85767
-1.86137
-2.51528
-1.51433
-3.40349
-5.25778
0.293609
-3.4768
-1.89987
-7.01076
-1.38413
-1.4596
-1.9498
0.0676955
6.86443
-2.20592
-4.67421
1.08808
-2.17508
-0.930123
-2.52336
-3.3656
-0.6171
1.44004
-3.24273
-1.45924
-2.42923
-4.59408
-1.96955
-2.28017
-3.2827
-2.38893
-0.696104
-3.74822
0.145512
-1.81591
-21.6842
-2.61441
-2.05475
-5.0013
9.29532
-0.105012
-2.47563
-1.88202
-6.79656
97.2906
-0.651883
-4.65701
-1.38743
-0.956015
-1.21443
-2.44266
-2.51627
-31.5939
7.12338
-1.19752
-1.98978
-2.49818
-1.09334
4.28568
-0.390956
0.786561
-1.95986
-1.33337
-0.727717
-76.7861
-0.992239
-4.04908
-3.78569
-3.79992
-1.6151
-1.89925
-1.61409
-4.09673
-7.31481
-0.220684
-2.49392
-3.35695
-0.0596918
-3.42984
-2.78275
-2.0621
-2.41352
8.94021
-60.139
-3.22975
-4.01557
-1.86133
-0.642803
-0.363411
7.20714
-2.3365
-0.767608
-1.62753
-2.23742
-5.28095
-2.19699
-1.57336
-2.08417
-0.511573
-1.75477
-1.50557
-3.13851
-2.80017
-128.781
0.710292
0.721383
-2.72594
-1.83817
-2.36731
-1.70023
-3.94678
5.15198
-3.49552
-0.290298
-1.76218
-2.26775
-2.13796
-2.92061
37.1383
-1.32246
-2.08636
-2.97379
0.184383
-2.26052
3.3147
-1.53723
-3.65844
-2.96594
-2.37741
-2.95509
-1.56136
-1.8153
-2.65897
75.3922
-3.6579
-2.99438
-2.94018
-0.468124
-1.84974
-3.58232
-1.77551
-24.4284
-2.27861
-2.95874
-1.84441
-2.25311
-2.59183
-2.90018
-1.3293
-0.973649
-1.41906
-2.3638
-1.85215
-4.74587
-3.23852
-2.47996
-2.35212
-4.06183
-2.99816
-1.72818
-2.2472
-2.88647
2.51854
-0.0888316
-1.03123
10.1329
-1.05401
-2.61007
-1.88484
0.811155
