0.305686
-1.31156
3.94636
-0.44583
1.10083
0.75883
0.466853
-0.0913605
-12.2303
-0.0611573
0.399291
0.0295006
0.872347
-4.9747
-1.83931
-80.7693
-0.719062
1.15006
1.04059
-0.686082
0.201793
0.283202
-0.81157
1.2412
-0.419361
6.22022
-1.12136
-65.8164
0.567746
-0.264115
0.933491
-0.642461
-10.876
-0.0285361
-7.47541
3.38064
0.909359
-1.89189
0.00628661
2.91202
34.6014
0.433123
0.553741
-8.20104
0.0492967
1.17298
-43.3968
0.108034
-3.19331
5.40943
-5.82728
-0.373053
2.32549
0.943563
-0.0930899
0.220049
-0.215995
-4.6959
-0.459261
-0.361871
-1.31036
1.75912
-2.96847
-63.4316
-11.2553
1.54875
-0.361062
0.44204
0.296794
9.90617
-0.585816
0.496326
5.27386
1.39384
1.13627
0.255789
1.5208
-0.405222
3.22405
-4.38339
-1.32844
1.11673
-0.477223
-0.349163
2.03338
2888.21
-0.934128
-1.01808
2.54264
0.0544561
0.100666
0.0677919
2.42406
-0.157012
0.689507
-0.105498
-2.06233
-6.81142
-0.335193
1.78742
0.12931
-0.0317475
-0.211517
-0.610479
1.81293
0.798739
-1.82052
0.771592
0.19789
1.10906
0.274183
-0.009654
-1.44622
-2.48083
0.171272
-1.05063
0.23488
-8.00434
1.70894
-18.988
1.17195
0.0911097
0.101933
-0.591743
3.86204
-0.268
0.440059
-1.0694
-0.287365
-0.419255
5.28222
4.0369
-2.19014
2.26756
0.148196
-1.79786
46.3717
0.708337
0.5164
-1.19328
-5.38775
1.54612
0.941327
1.33007
0.566352
0.0364135
0.0866532
0.684299
-2.96938
-2.40676
-1.08228
0.51285
2.13415
6.24973
-12.8484
0.113519
10.6121
-2.831
-4.48324
-0.184053
0.316959
-0.491214
0.924824
1.22113
-0.0206521
1.10894
0.635278
-0.324974
-14.9337
-2.38121
-10.0119
4.20892
0.221859
-0.259334
0.0137174
-7.33313
0.341684
0.198306
-0.278188
0.677933
-0.94758
-0.609119
0.820953
1.32429
3.66184
-0.536532
-1.17806
-0.190271
-2.68318
0.630078
2.58581
1.92123
0.228487
0.040311
0.054646
-1.58518
2.58272
0.0248703
261.31
-0.508632
4.24865
1.99399
0.806692
2.5449
-1.42098
0.122705
13.6931
1.73644
0.992402
0.468391
1.18756
5.89509
-3.73175
4.44774
-0.399988
27.1373
-1.00151
0.809823
-56.105
-0.773929
-360.846
-2.05871
-0.579334
5.16549
-0.192183
-0.387596
-0.0290264
0.816059
-4.39371
1.2471
0.653415
-0.307864
-0.347675
0.619855
-1.15412
-2.4715
0.290272
-10.1437
-4.33152
0.296238
-0.271994
2.06752
0.629979
-0.727663
-0.735081
-0.237039
0.076729
0.191966
0.32127
2.32616
-0.878015
0.218891
0.703542
-0.916731
2.32379
-1.12915
0.325629
0.236652
-8.90712
-1.25152
-27.6675
-2.39178
0.205499
1.60596
-0.294856
113.051
-1.24582
-6.33792
-17.3242
-0.905547
0.033975
0.380954
0.141186
1.14796
-0.388282
-0.239066
2.93306
0.219675
3.16744
-0.229479
-2.75442
1.76249
0.581576
8.10674
0.177234
2.32475
0.314705
0.69437
1.02177
-0.26031
8.03442
-0.566805
-2.48559
-0.010008
1.4529
-0.228966
0.85037
3.44895
0.795352
-1.55409
-2.88493
-85.5747
-6.73728
-1.53738
-2.56583
-1.89245
0.290047
-1.85472
0.660518
-6.42189
0.781289
1.10327
-0.964338
1.38127
20.7385
-0.244805
-9.59887
-0.307686
0.142979
2.51229
-0.116885
-5.17277
-1.99771
-3.74128
-2.70613
3.26388
0.000835428
-1.45038
-1.90566
-0.12041
-2.24939
2.00708
0.927135
-0.719043
-1.04282
0.2132
-0.13161
2.96615
0.167375
-0.939006
1.58471
-0.526693
-1.93213
1.44476
-1.13795
-5.86133
2.53125
2.2356
-0.333835
-0.0468871
2.13778
-2.31048
12.6872
-2.41721
0.469046
1.07021
-0.0928098
1.35909
0.276736
-3.01978
-0.265349
0.0219934
0.275212
-0.946867
-0.61796
-0.310883
-0.782102
57.0761
1.41618
0.242614
17.6955
0.787077
0.750667
-0.3958
-2.61207
-1.64402
0.29632
-1.54627
-0.0174133
-0.452768
7.47977
-1.48593
0.808791
1.89881
-1.08888
0.356066
0.0926413
-2.50953
17.9921
1.42218
-2.44129
0.25667
-2.14227
-3.01389
-3.08625
0.845769
0.593579
-18.5091
0.195074
0.671161
0.700689
1.99115
-1.04061
0.342336
3.12914
-4.98622
-0.0480631
1.13456
2.14933
0.755331
0.141068
0.275977
-6.10896
-1.27211
4.11301
2.19844
0.0123265
0.901105
-0.234483
-1.72795
2.5911
-1.6115
0.351071
-0.250486
0.351229
-0.149495
3.56932
-7.97962
-1.87234
-0.798139
-0.745239
-2.18782
-1.19469
0.210735
-0.268957
1.99934
2.81962
-1.49245
2.22634
2.39219
0.806493
-14.7483
-0.938078
-0.825193
-0.313863
-1.07077
1.25194
0.341933
2.28818
-4.67365
-1.41437
-0.875057
-0.874923
0.633738
0.190451
-0.560651
0.0538087
-0.603399
-0.621248
0.689192
0.827944
0.137016
1.83326
1.21134
-0.236573
-7.21128
-1.81764
1.29077
0.289579
-1.41997
1.03415
-0.740433
1.97684
0.65106
-0.948822
-0.636794
-0.65812
-1.51403
0.0377429
-6.99477
-0.695347
0.953399
-1.33567
-5.21951
208.67
-0.643106
0.870048
-0.10299
-0.0782904
-3.03401
-0.0594186
20.8854
5.22272
50.419
-1.89157
0.477812
-0.257525
0.467896
4.19611
-0.657942
-0.881683
0.237469
0.445807
2.28742
0.951594
2.38286
1.3923
10.8079
-0.73044
-3.76397
0.752063
-0.745427
9.21304
0.47762
7.0293
0.111065
0.255913
-0.957855
-0.101457
1.17411
-0.142916
-3.99246
-0.54316
0.0583704
0.537324
-2.62467
0.418671
-0.307293
-0.978038
0.66429
2.73805
-0.58773
2.89678
-0.41525
0.657529
1.1094
0.184791
-0.850923
-0.662089
1.36804
-0.56532
0.483124
-1.46473
-1.24875
0.0260881
1.00419
2.23269
-0.751204
3.0872
1.10029
0.516865
1.04162
0.869959
2.15869
0.303614
-0.0704422
-5.84563
0.815635
0.442678
-0.00911427
1.17874
0.105933
-0.907702
4.67796
-0.557643
-6.04719
1.3708
-1.54096
-4.10276
-0.314842
-0.478235
3.27365
-0.782174
-4.90118
6.46061
2.08354
0.759766
1.28909
0.253663
-0.279349
0.735702
-0.258956
-0.277253
-0.588216
-0.14255
-0.124327
4.32839
0.252658
-1.32322
-0.300486
8.20277
-0.515187
-1.04427
-0.487939
-7.39785
-0.34704
-17.3431
3.07774
-1.16708
-1.91834
-0.460826
21.2116
-59.398
0.524136
-0.544523
-1.764
0.597189
-1.94051
-0.521561
-1.24246
-0.842281
0.867726
3.70556
-2.36276
-0.255974
0.686184
-1.57731
-0.496607
-3.6321
1.75344
-1.37585
-4.74287
-0.57099
0.943083
0.359484
-5.18629
2.64923
-0.423309
0.179969
0.856445
-0.446415
-13.4265
1.39338
1.6299
0.121827
0.86909
-8.06298
-12.7411
172.65
1.47011
1.18332
-3.50771
-1.29227
4.9183
1.02183
1.83758
-1.96326
-1.68784
0.923982
-0.0737342
-0.574387
-0.406132
0.948334
0.88157
0.815286
-0.798201
0.707847
-5.00397
-0.763743
0.199206
1.76377
-2.77823
1.15742
-13.8037
0.567535
4.89989
-2.22874
1.59619
4.79258
-0.211767
-2.10739
2.23837
-0.0501562
6.9141
-1.41542
0.343257
0.786591
-0.656519
1.70132
0.828188
-0.853307
-0.0549431
8.50987
-3.81722
-2.09645
-0.399791
-0.00356909
-7.45306
3.16677
-1.37458
27.776
-0.491676
1.56594
0.306895
-0.367458
0.428927
28.9037
0.790971
0.547634
-0.0322406
6.54289
-1.13278
-0.725094
1.25965
0.738396
-0.218666
1.87205
-0.45526
-0.357039
2.70536
0.661267
0.656882
1.19219
0.67693
0.341779
15.7591
0.0451371
-0.213906
-0.995195
-0.811314
-2.837
-0.168287
3.54775
6.9708
-0.251618
1.80774
0.519793
-10.9064
-1.0491
0.494178
1.42304
-6.53333
-0.204387
0.555312
-0.382775
0.203855
0.703501
-6.38788
0.208923
0.260167
-0.982154
-0.0875693
3.04777
-2.31418
-1.08023
-2.16231
4.41199
-0.444118
3.79665
1.97872
1.0089
-0.17355
-0.355985
2.33971
-1.18016
16.6135
0.664415
-7.88008
5.21901
-0.879208
1.84183
0.119389
6.56694
12.6686
0.434819
31.0947
1.49409
-4.22824
-1.81806
-0.22846
0.334848
1.01048
4.30209
16.8893
-5.31675
0.980041
0.420309
-0.548439
-1.38468
-0.0488574
3.01521
3.2234
0.873302
0.218081
-1.07333
-1.44359
-2.48339
0.50832
-1.79041
-11.8519
-1.84065
8.56772
-1.98928
1.13558
-0.16227
-0.677811
0.0288914
-1.53764
-2.34356
-0.164133
-16.2302
-2.72046
0.458453
0.0491562
0.70585
-0.521567
-1.36819
-1.1426
-3.4205
0.822043
-1.20399
-0.706608
-0.47072
1.18536
0.215112
-1.15154
1.20883
-36.5161
-1.62068
-2.39685
4.55542
-0.0288512
0.487679
0.00551336
0.445528
-0.307133
-0.713249
7.8523
0.536593
-7.16892
0.245216
-1.97895
-1.38531
-1.31447
-0.57294
0.317706
0.952103
0.163976
0.0993258
0.0822241
0.674376
1.68707
-1.2082
2.19533
-0.310101
-0.642687
-3.22374
0.205752
1.58667
-1.05545
1.51916
0.983427
-0.12782
10.384
-2.64919
3.49195
1.83344
0.524259
1.99589
3.21296
2.60443
-4.9139
0.460026
0.128027
0.194558
0.153015
1.09183
0.378439
0.779085
0.237071
12.0769
-54.0953
3.09251
1.37192
-2.28817
0.886105
0.668928
0.0267547
3.7016
4.49659
0.0879379
-2.8534
-1.91052
-1.12965
4.84531
0.500865
0.0423273
0.395887
-4.57912
-0.480322
-9.74316
0.361505
0.814948
-32.0125
16.9312
-1.17056
2.40354
-0.183662
2.45762
0.56653
2.21844
-0.886529
0.41731
-0.443132
-0.353907
2.16622
0.0100649
-0.810689
-3.14063
-58.3436
1.24051
0.706401
0.0419354
1.07899
1.27112
-0.442646
-0.233047
1.19009
7.32864
-3.69618
-0.880298
6.64696
0.0553308
0.899362
-0.386733
0.318028
0.965678
5.52314
-1.49103
11.2884
2.44094
-0.34019
0.657274
-0.76706
0.0221156
-0.964848
-0.787266
0.141906
-0.966015
0.109308
0.0232936
3.42021
0.593999
0.776782
4.11854
-1.32786
-1.09209
-0.165778
3.35756
-3.48146
-0.69251
1.43015
1.20686
1.4951
-37.9165
-0.894048
16.7918
-0.650821
-1.36194
-0.305017
2.28696
-3.70331
-0.568342
0.503823
1.54295
-0.272091
44.4243
-3.8304
-0.966774
-0.246479
0.26919
0.690913
0.384819
4.1829
0.368306
207.026
-0.730658
-1.04416
0.519846
56.0137
-20.8824
0.960655
-0.302746
-1.65905
-0.966066
-0.0438222
4.24305
0.106873
-2.12046
1.5965
0.0732026
0.88701
-0.113395
1.17373
1.04725
-3.66101
-1.81279
-0.969128
1.97791
-0.0721042
