0.761654
0.78997
3.28544
0.86363
0.323332
2.86126
0.535622
0.243984
7.48151
3.65165
0.766438
3.79464
2.07492
1.98123
2.85124
0.501223
2.03677
1.29451
0.190937
0.235002
8.84345
2.37809
3.44716
2.02749
1.68095
4.12684
0.381689
0.323332
2.86126
0.535622
0.243984
7.48151
3.65165
0.766438
3.79464
2.07492
1.98123
2.85124
0.501223
2.03677
1.29451
0.190937
0.235002
8.84345
2.37809
3.44716
2.02749
1.68095
4.12684
0.381689
0.323332
2.86126
0.535622
0.243984
7.48151
3.65165
0.766438
3.79464
2.07492
1.98123
2.85124
0.501223
2.03677
1.29451
0.190937
0.235002
8.84345
2.37809
3.44716
2.02749
1.68095
4.12684
0.381689
0.323332
2.86126
0.535622
0.243984
7.48151
3.65165
0.766438
3.79464
2.07492
1.98123
2.85124
0.501223
2.03677
1.29451
0.190937
0.235002
8.84345
2.37809
3.44716
2.02749
1.68095
4.12684
0.381689
0.323332
2.86126
0.535622
0.243984
7.48151
3.65165
0.766438
3.79464
2.07492
1.98123
2.85124
0.501223
2.03677
1.29451
0.190937
0.235002
8.84345
2.37809
3.44716
2.02749
1.68095
4.12684
0.381689
0.323332
2.86126
0.535622
0.243984
7.48151
3.65165
0.766438
3.79464
2.07492
1.98123
2.85124
0.501223
2.03677
1.29451
0.190937
0.235002
8.84345
2.37809
3.44716
2.02749
1.68095
4.12684
0.381689
0.323332
2.86126
0.535622
0.243984
7.48151
3.65165
0.766438
3.79464
2.07492
1.98123
2.85124
0.501223
2.03677
1.29451
0.190937
0.235002
8.84345
2.37809
3.44716
2.02749
1.68095
4.12684
0.381689
0.323332
2.86126
0.535622
0.243984
7.48151
3.65165
0.766438
3.79464
2.07492
1.98123
2.85124
0.501223
2.03677
1.29451
0.190937
0.235002
8.84345
2.37809
3.44716
2.02749
1.68095
4.12684
0.381689
0.323332
2.86126
0.535622
0.243984
7.48151
3.65165
0.766438
3.79464
2.07492
1.98123
2.85124
0.501223
2.03677
1.29451
0.190937
0.235002
8.84345
2.37809
3.44716
2.02749
1.68095
4.12684
0.381689
0.323332
2.86126
0.535622
0.243984
7.48151
3.65165
0.766438
3.79464
2.07492
1.98123
2.85124
0.501223
2.03677
1.29451
0.190937
0.235002
8.84345
2.37809
3.44716
2.02749
1.68095
4.12684
0.381689
0.323332
2.86126
0.535622
0.243984
7.48151
3.65165
0.766438
3.79464
2.07492
1.98123
2.85124
0.501223
2.03677
1.29451
0.190937
0.235002
8.84345
2.37809
3.44716
2.02749
1.68095
4.12684
0.381689
0.323332
2.86126
0.535622
0.243984
7.48151
3.65165
0.766438
3.79464
2.07492
1.98123
2.85124
0.501223
2.03677
1.29451
0.190937
0.235002
8.84345
2.37809
3.44716
2.02749
1.68095
4.12684
0.381689
0.323332
2.86126
0.535622
0.243984
7.48151
3.65165
0.766438
3.79464
2.07492
1.98123
2.85124
0.501223
2.03677
1.29451
0.190937
0.235002
8.84345
2.37809
3.44716
2.02749
1.68095
4.12684
0.381689
0.323332
2.86126
0.535622
0.243984
7.48151
3.65165
0.766438
3.79464
2.07492
1.98123
2.85124
0.501223
2.03677
1.29451
0.190937
0.235002
8.84345
2.37809
3.44716
2.02749
1.68095
4.12684
0.381689
0.323332
2.86126
0.535622
0.243984
7.48151
3.65165
0.766438
3.79464
2.07492
1.98123
2.85124
0.501223
2.03677
1.29451
0.190937
0.235002
8.84345
2.37809
3.44716
2.02749
1.68095
4.12684
0.381689
0.323332
2.86126
0.535622
0.243984
7.48151
3.65165
0.766438
3.79464
2.07492
1.98123
2.85124
0.501223
2.03677
1.29451
0.190937
0.235002
8.84345
2.37809
3.44716
2.02749
1.68095
4.12684
0.381689
0.323332
2.86126
0.535622
0.243984
7.48151
3.65165
0.766438
3.79464
2.07492
1.98123
2.85124
0.501223
2.03677
1.29451
0.190937
0.235002
8.84345
2.37809
3.44716
2.02749
1.68095
4.12684
0.381689
0.323332
2.86126
0.535622
0.243984
7.48151
3.65165
0.766438
3.79464
2.07492
1.98123
2.85124
0.501223
2.03677
1.29451
0.190937
0.235002
8.84345
2.37809
3.44716
2.02749
1.68095
4.12684
0.381689
0.323332
2.86126
0.535622
0.243984
7.48151
3.65165
0.766438
3.79464
2.07492
1.98123
2.85124
0.501223
2.03677
1.29451
0.190937
0.235002
8.84345
2.37809
3.44716
2.02749
1.68095
4.12684
0.381689
0.323332
2.86126
0.535622
0.243984
7.48151
3.65165
0.766438
3.79464
2.07492
1.98123
2.85124
0.501223
2.03677
1.29451
0.190937
0.235002
8.84345
2.37809
3.44716
2.02749
1.68095
4.12684
0.381689
0.323332
2.86126
0.535622
0.243984
7.48151
3.65165
0.766438
3.79464
2.07492
1.98123
2.85124
0.501223
2.03677
1.29451
0.190937
0.235002
8.84345
2.37809
3.44716
2.02749
1.68095
4.12684
0.381689
0.323332
2.86126
0.535622
0.243984
7.48151
3.65165
0.766438
3.79464
2.07492
1.98123
2.85124
0.501223
2.03677
1.29451
0.190937
0.235002
8.84345
2.37809
3.44716
2.02749
1.68095
4.12684
0.381689
0.323332
2.86126
0.535622
0.243984
7.48151
3.65165
0.766438
3.79464
2.07492
1.98123
2.85124
0.501223
2.03677
1.29451
0.190937
0.235002
8.84345
2.37809
3.44716
2.02749
1.68095
4.12684
0.381689
0.323332
2.86126
0.535622
0.243984
7.48151
3.65165
0.766438
3.79464
2.07492
1.98123
2.85124
0.501223
2.03677
1.29451
0.190937
0.235002
8.84345
2.37809
3.44716
2.02749
1.68095
4.12684
0.381689
0.323332
2.86126
0.535622
0.243984
7.48151
3.65165
0.766438
3.79464
2.07492
1.98123
2.85124
0.501223
2.03677
1.29451
0.190937
0.235002
8.84345
2.37809
3.44716
2.02749
1.68095
4.12684
0.381689
0.323332
2.86126
0.535622
0.243984
7.48151
3.65165
0.766438
3.79464
2.07492
1.98123
2.85124
0.501223
2.03677
1.29451
0.190937
0.235002
8.84345
2.37809
3.44716
2.02749
1.68095
4.12684
0.381689
0.323332
2.86126
0.535622
0.243984
7.48151
3.65165
0.766438
3.79464
2.07492
1.98123
2.85124
0.501223
2.03677
1.29451
0.190937
0.235002
8.84345
2.37809
3.44716
2.02749
1.68095
4.12684
0.381689
0.323332
2.86126
0.535622
0.243984
7.48151
3.65165
0.766438
3.79464
2.07492
1.98123
2.85124
0.501223
2.03677
1.29451
0.190937
0.235002
8.84345
2.37809
3.44716
2.02749
1.68095
4.12684
0.381689
0.323332
2.86126
0.535622
0.243984
7.48151
3.65165
0.766438
3.79464
2.07492
1.98123
2.85124
0.501223
2.03677
1.29451
0.190937
0.235002
8.84345
2.37809
3.44716
2.02749
1.68095
4.12684
0.381689
0.323332
2.86126
0.535622
0.243984
7.48151
3.65165
0.766438
3.79464
2.07492
1.98123
2.85124
0.501223
2.03677
1.29451
0.190937
0.235002
8.84345
2.37809
3.44716
2.02749
1.68095
4.12684
0.381689
0.323332
2.86126
0.535622
0.243984
7.48151
3.65165
0.766438
3.79464
2.07492
1.98123
2.85124
0.501223
2.03677
1.29451
0.190937
0.235002
8.84345
2.37809
3.44716
2.02749
1.68095
4.12684
0.381689
0.323332
2.86126
0.535622
0.243984
7.48151
3.65165
0.766438
3.79464
2.07492
1.98123
2.85124
0.501223
2.03677
1.29451
0.190937
0.235002
8.84345
2.37809
3.44716
2.02749
1.68095
4.12684
0.381689
0.323332
2.86126
0.535622
0.243984
7.48151
3.65165
0.766438
3.79464
2.07492
1.98123
2.85124
0.501223
2.03677
1.29451
0.190937
0.235002
8.84345
2.37809
3.44716
2.02749
1.68095
4.12684
0.381689
0.323332
2.86126
0.535622
0.243984
7.48151
3.65165
0.766438
3.79464
2.07492
1.98123
2.85124
0.501223
2.03677
1.29451
0.190937
0.235002
8.84345
2.37809
3.44716
2.02749
1.68095
4.12684
0.381689
0.323332
2.86126
0.535622
0.243984
7.48151
3.65165
0.766438
3.79464
2.07492
1.98123
2.85124
0.501223
2.03677
1.29451
0.190937
0.235002
8.84345
2.37809
3.44716
2.02749
1.68095
4.12684
0.381689
0.323332
2.86126
0.535622
0.243984
7.48151
3.65165
0.766438
3.79464
2.07492
1.98123
2.85124
0.501223
2.03677
1.29451
0.190937
0.235002
8.84345
2.37809
3.44716
2.02749
1.68095
4.12684
0.381689
0.323332
2.86126
0.535622
0.243984
7.48151
3.65165
0.766438
3.79464
2.07492
1.98123
2.85124
0.501223
2.03677
1.29451
0.190937
0.235002
8.84345
2.37809
3.44716
2.02749
1.68095
4.12684
0.381689
0.323332
2.86126
0.535622
0.243984
7.48151
3.65165
0.766438
3.79464
2.07492
1.98123
2.85124
0.501223
2.03677
1.29451
0.190937
0.235002
8.84345
2.37809
3.44716
2.02749
1.68095
4.12684
0.381689
0.323332
2.86126
0.535622
0.243984
7.48151
3.65165
0.766438
3.79464
2.07492
1.98123
2.85124
0.501223
2.03677
1.29451
0.190937
0.235002
8.84345
2.37809
3.44716
2.02749
1.68095
4.12684
0.381689
0.323332
2.86126
0.535622
0.243984
7.48151
3.65165
0.766438
3.79464
2.07492
1.98123
2.85124
0.501223
2.03677
1.29451
0.190937
0.235002
8.84345
2.37809
3.44716
2.02749
1.68095
4.12684
0.381689
0.323332
2.86126
0.535622
0.243984
7.48151
3.65165
0.766438
3.79464
2.07492
1.98123
2.85124
0.501223
2.03677
1.29451
0.190937
0.235002
8.84345
2.37809
3.44716
2.02749
1.68095
4.12684
0.381689
0.323332
2.86126
0.535622
0.243984
7.48151
3.65165
0.766438
3.79464
2.07492
1.98123
2.85124
0.501223
2.03677
1.29451
0.190937
0.235002
8.84345
2.37809
3.44716
2.02749
1.68095
4.12684
0.381689
0.323332
2.86126
0.535622
0.243984
7.48151
3.65165
0.766438
3.79464
2.07492
1.98123
2.85124
0.501223
2.03677
1.29451
0.190937
0.235002
8.84345
2.37809
3.44716
2.02749
1.68095
4.12684
0.381689
0.323332
2.86126
0.535622
0.243984
7.48151
3.65165
0.766438
