4.90184
8.9715
11.0349
7.15399
7.32917
4.47513
5.32287
2.09576
10.8133
4.70691
8.30787
15.6241
12.4912
10.0577
1.78162
2.60478
3.5247
16.6221
13.0215
14.3356
6.4072
18.8406
19.1743
10.2398
4.54398
36.8077
4.36561
6.42997
14.208
23.5099
31.6653
8.94501
8.74502
8.52834
2.72357
11.7193
6.79991
7.09712
16.8646
7.33904
3.98876
1.59928
3.52356
9.7411
4.22695
5.78637
15.5497
3.88647
1.22486
10.1464
7.43018
9.89012
5.01887
17.6789
5.32019
14.8824
4.27185
14.504
6.2756
8.93195
7.05183
1.22994
4.44094
4.62698
7.48242
8.67943
7.23446
18.9045
10.5343
16.9701
11.85
5.21179
16.5462
11.2273
11.526
3.52885
6.90637
10.7883
16.0588
9.45499
12.772
13.776
8.45311
4.66442
3.54756
10.6528
20.5132
6.1612
5.8034
11.1171
0.480998
9.68701
11.1142
4.49611
0.365568
6.53321
16.5995
7.43857
10.45
12.2153
15.8383
3.54828
18.7793
5.36863
18.5977
21.5551
9.27411
11.1513
9.68801
21.2671
12.9121
11.3633
3.62656
29.7439
15.2125
4.63142
10.5916
12.1263
5.2645
15.006
4.81195
16.7623
19.8911
15.2144
7.53336
15.8187
0.252469
8.37163
4.73254
15.0105
2.31612
6.00614
17.2325
13.099
9.17477
15.6102
0.186746
22.7265
21.7295
7.84618
4.69227
3.78017
27.6154
9.57364
25.6768
23.4709
6.34416
19.041
3.86677
1.30023
6.17368
6.37773
13.3894
11.0819
10.0711
4.65946
5.31781
7.34268
7.66895
17.3023
14.5602
1.96938
2.97039
22.742
6.34488
10.9708
3.62386
3.95568
34.1711
9.21048
4.64963
6.91392
7.22014
6.69724
5.32793
6.5986
9.2687
0.932814
7.51949
27.2847
13.4858
11.1624
5.13325
2.6376
1.31615
6.21615
20.1661
18.0435
9.55474
4.29111
7.23594
4.74218
3.96033
10.2771
15.5895
6.21918
19.2282
6.84773
1.7352
19.0721
3.52205
8.43294
22.2542
3.89092
13.8529
4.38179
4.27642
13.1164
3.65508
18.0526
3.34438
12.4597
2.35529
9.18515
0.321066
3.41261
5.73869
3.69909
19.151
15.6908
3.09995
7.71971
3.06483
7.34701
7.49089
6.90841
8.81848
27.2251
16.0057
5.38723
16.976
3.17116
2.12758
14.8276
9.05097
21.8855
15.7452
11.3621
12.346
23.5493
4.83372
4.56047
11.0126
14.9313
9.70912
5.27994
6.72749
8.31055
6.05978
13.4108
42.7766
34.8796
3.00069
21.2896
7.88237
8.56146
9.66096
3.91921
10.2973
18.2903
16.9194
10.8119
10.21
35.4669
12.3278
12.452
8.66811
20.897
7.28031
9.86487
28.2339
18.7163
10.5651
3.17938
10.4337
5.72115
6.83885
16.5153
3.79731
14.5921
1.3051
1.49729
12.1277
9.44694
33.0803
7.59176
5.73593
13.4002
3.56684
4.97011
7.49266
5.38122
4.77168
28.6149
8.23364
10.5699
19.176
2.29465
7.0513
7.35946
1.96803
11.3339
4.35147
3.1409
7.67949
8.09304
12.4961
8.53345
8.37099
10.6804
12.265
24.2494
4.701
8.36665
17.1746
12.9746
4.9388
12.3178
2.08146
11.7008
3.51991
18.521
10.6444
5.3585
1.91225
16.0183
11.8813
4.00176
16.1808
10.9999
6.2245
11.3961
21.9289
4.44943
5.30996
19.0436
8.62174
5.87253
7.68082
6.13037
9.81716
1.68781
3.98638
10.5632
2.31225
10.1304
6.29217
16.1399
6.95876
9.47439
9.05964
11.0906
7.34351
24.2757
15.9084
13.456
10.7206
4.9878
6.88633
7.842
5.87275
14.656
6.09067
4.27244
7.08639
5.3187
12.3874
5.58945
20.9739
18.8864
7.05339
6.91772
12.0087
25.3679
13.0298
8.41781
4.47923
4.46442
1.60115
7.83585
7.74503
6.15059
3.0426
10.4334
4.66956
7.66767
10.4021
6.63035
2.50692
20.9033
4.98572
8.47995
11.9741
6.17593
3.21298
14.9414
21.0891
2.43378
5.87791
9.59985
26.1296
10.0533
16.4128
12.654
11.2378
3.01775
5.08757
7.00571
12.4146
18.495
5.16475
11.9499
11.85
11.8693
3.35832
5.55407
4.63347
18.1204
7.69443
2.89184
9.17756
3.18063
2.32933
5.50908
8.08897
10.4356
4.48909
5.50116
10.1778
8.00889
10.0733
12.9357
1.96146
17.6679
32.4643
13.8908
6.57303
6.46305
16.3076
11.357
5.25719
13.8721
13.8856
21.9824
1.94928
11.986
9.25649
11.3882
12.0255
9.02834
34.7948
13.0173
2.78335
3.63815
1.76249
7.56767
7.03368
16.2816
1.91846
20.0925
8.21264
6.75429
3.80771
10.422
12.6661
4.74141
2.90891
25.8148
14.2385
38.1933
4.45965
19.8048
18.4559
8.73283
2.15482
3.67701
0.760514
18.5415
30.4719
38.3549
14.352
3.61928
16.9485
5.43772
4.2724
6.92438
4.64797
7.24354
14.5828
6.68469
16.5774
6.72475
11.0075
19.44
21.7963
2.67487
12.1014
16.3595
19.9147
14.2006
42.5744
14.8929
9.58797
7.012
17.7318
7.76837
16.2992
6.72095
20.4627
8.38568
17.1326
6.37591
3.69908
4.55574
6.63629
14.258
3.8164
31.5818
14.3238
3.13029
8.50523
9.16539
3.68214
5.65115
8.33216
5.97669
3.30696
8.06009
6.38563
4.3258
13.0203
1.42864
9.95175
5.10864
13.9132
17.8873
3.58873
11.5339
15.8512
12.3971
14.5324
11.1692
36.6089
19.8069
3.69663
8.99551
5.53861
7.78107
1.07866
3.13734
1.4177
7.09608
15.9647
15.7405
35.6764
4.25433
1.90016
14.6021
7.88101
9.81056
15.668
3.1312
1.38642
7.26209
35.1557
16.501
14.6632
9.44372
16.415
7.61369
5.02253
4.90679
13.0252
3.44714
12.1533
9.44601
8.41713
8.53096
6.24335
12.6682
4.11686
18.5207
12.5294
5.89701
19.6948
21.744
1.49092
6.0705
16.1629
9.02278
9.76565
3.55995
5.53717
4.34908
5.44013
12.5278
26.1053
6.09623
6.12282
5.7807
15.537
10.846
2.64183
2.4712
6.98956
2.75623
10.5066
6.56529
11.1116
13.7813
4.18974
5.36949
9.61652
3.75641
17.0894
1.13036
5.08522
3.46126
3.99581
3.05101
15.89
12.7952
11.3375
4.90004
26.4493
5.01261
12.1353
29.9699
12.4317
9.803
3.19999
4.31394
7.19972
7.63521
18.442
6.29346
23.2712
8.9151
2.18381
28.087
4.15786
21.2763
22.3143
6.08881
2.67373
4.03286
7.95798
6.08845
2.68144
14.1061
15.2157
5.39902
13.278
7.87679
3.0771
11.5735
3.76358
19.6984
12.5194
5.98518
13.5153
20.0474
12.8132
3.9602
13.4887
8.84532
8.65845
8.60213
9.72733
11.0559
26.1388
12.4455
16.9057
26.0104
16.1892
10.7163
4.39174
1.46307
16.1726
11.4965
3.38848
2.28565
10.8894
14.8944
4.87066
14.3816
2.83352
11.7941
1.93814
13.9192
13.3239
12.7573
6.90624
6.79791
20.1776
1.7999
17.2288
4.3244
17.4805
17.6436
10.7598
23.9996
1.75033
16.2348
1.98235
9.52435
7.04811
8.79822
9.16897
15.2059
21.1525
3.80109
3.60952
4.57124
14.2643
4.42821
1.15793
5.26507
7.68379
18.5646
5.14493
13.1048
13.1462
25.9029
0.645048
15.6064
6.48535
14.3605
17.268
8.77036
5.83904
2.23755
1.71536
11.3469
5.56123
4.69491
13.3479
9.14107
3.71659
3.78352
6.80483
3.34309
4.26601
6.584
7.04404
5.21661
4.40303
16.6399
6.61346
8.96517
12.1047
7.7099
20.9138
3.55095
7.86133
9.27149
10.2413
17.6433
2.7416
14.6178
11.4199
2.74228
17.1968
12.9381
10.4302
17.2803
18.8868
16.2039
3.87212
6.08638
9.69848
3.7109
2.59162
5.99515
12.3392
12.3865
7.25454
4.42542
5.72227
2.56484
19.7404
12.3295
8.90442
4.23883
5.89275
6.42943
10.034
20.3485
3.33026
7.37717
7.84817
2.52676
18.3902
16.2778
14.6078
2.4267
18.6845
6.2506
6.56079
9.0822
6.08205
14.5904
23.4506
10.2795
9.89953
6.39593
17.4334
31.5685
0.600334
20.6272
3.38093
5.16186
6.45811
8.844
3.3782
5.99241
4.30444
0.427875
5.74926
3.2939
4.67425
3.04349
7.89505
35.756
7.82596
4.8142
8.72148
16.9756
3.32542
6.68416
4.88076
15.5385
5.83194
10.6283
9.27114
3.47126
1.72646
0.724475
6.39854
5.63641
7.96866
5.71042
13.9466
11.9608
3.53955
6.58158
10.2554
4.98659
1.96707
0.731964
12.2356
7.85035
1.6842
10.8201
14.5442
5.17878
5.82774
3.90793
47.8876
6.9484
4.32976
8.55112
5.13168
9.73131
9.27391
13.1896
7.29393
1.50039
15.9048
9.80531
0.470063
16.7787
15.8075
8.60344
21.593
8.95123
11.4469
9.96966
4.6755
1.80591
6.73519
29.0736
4.37885
5.55366
9.48103
10.517
32.2873
8.53594
7.53678
10.0313
7.69042
2.93975
3.73937
0.670441
8.70406
7.37554
12.1984
1.56948
10.2486
3.65891
16.6595
2.03039
6.02859
34.8819
8.9444
7.03596
12.5431
10.6157
17.2651
5.21296
31.1017
2.28732
11.069
15.146
7.02744
16.1185
6.89388
5.98777
7.30311
15.1704
1.60013
3.89824
6.50404
5.84865
12.9177
0.841115
7.78305
12.7107
4.31989
1.83022
36.116
13.5663
14.6684
10.8561
12.7695
12.204
5.96315
30.8478
6.67187
7.04729
11.5312
1.08851
5.52337
8.71196
19.836
11.1486
5.42531
7.532
8.16742
28.8726
16.2757
11.5301
11.9449
2.74563
5.12412
15.1758
2.71708
10.2901
2.35342
20.4758
5.51851
28.2021
4.43556
8.11039
19.9033
11.1048
3.55449
7.21914
6.74507
6.83834
4.57219
7.86834
1.22029
4.29786
0.756346
4.86872
1.8965
18.8042
19.4614
6.72381
16.6555
17.367
27.5569
4.37558
6.22208
12.6729
10.9072
3.16092
5.23251
3.7414
9.77229
10.1374
2.15916
4.07938
6.64707
6.64192
10.8018
7.22772
6.71199
7.7292
