0.925843
0.459747
0.257199
0.198762
2.91417
7.23954
12.3823
4.58203
5.44117
2.69664
1.83706
5.01114
4.25861
3.33355
1.60788
3.05614
3.22031
1.91369
3.94187
1.52638
3.50018
4.48333
2.03691
2.71322
1.51378
5.92758
5.45678
14.9526
2.76417
1.14057
1.94509
1.03064
3.69219
1.52968
0.812876
0.718131
2.37966
2.61518
7.15425
4.67896
5.13201
5.11066
10.8246
1.64655
1.79217
1.18547
4.89888
1.53563
2.0974
12.9967
3.16572
0.928104
5.42274
4.97064
5.98885
2.0427
5.04144
0.419946
5.54705
0.658406
2.74985
5.39068
1.44069
2.69294
4.61822
2.36991
1.95832
5.57618
3.5357
1.6064
2.07379
4.34201
0.536111
3.51377
0.891479
2.13251
1.60846
1.26209
2.49458
2.65087
7.64084
4.03315
8.43905
3.05572
4.16763
2.91573
3.3449
1.87968
21.4706
0.648799
2.19235
5.52355
2.79644
3.13566
1.54335
1.28587
5.81499
8.0324
3.08445
3.96951
0.127806
6.32449
6.89624
2.15259
4.47117
3.74261
0.697529
0.515117
1.73909
5.06622
1.99416
9.01511
5.49907
3.16939
4.06979
3.43748
3.3006
0.62492
13.9938
2.86384
10.5379
2.39974
1.17787
7.28837
4.33703
2.05652
3.78231
3.11611
1.07556
1.53217
3.49535
8.92163
1.82991
2.41659
6.49613
2.54455
2.72865
4.8598
12.6233
9.05037
3.58086
3.86971
1.10793
0.64843
1.49409
9.42667
2.76687
2.25421
3.28013
2.64255
5.56345
11.1463
0.751886
7.28302
3.06345
4.11265
1.39411
2.65463
5.62437
1.84226
2.77003
2.56042
12.6912
3.47572
3.31519
4.39907
0.978821
4.07819
2.8225
2.25772
2.58965
1.60142
12.6942
5.00893
1.16818
1.49607
5.04905
2.84784
5.47452
1.18522
2.10885
2.02842
1.15633
4.48654
4.51779
8.5216
0.376934
1.84868
1.38016
1.00556
5.23217
2.23267
1.73577
1.57891
5.83794
4.06658
7.41482
0.553325
3.3318
0.710741
2.03551
0.430769
12.2882
0.651725
4.2025
6.53966
2.83116
2.36399
7.97826
0.704455
2.19799
3.18436
1.37986
0.738196
1.29326
6.14622
5.71897
1.05447
1.72465
2.76487
5.67996
4.13424
0.574277
11.0225
4.97628
2.43311
4.38896
3.60829
1.42821
6.51163
4.25247
3.0517
4.84613
7.13895
1.91473
5.2798
5.38441
3.53256
9.54181
2.62495
2.19426
0.894372
0.793957
11.5629
2.25673
2.02602
4.23338
1.0276
4.48491
2.29935
3.94565
6.39788
4.69579
4.00168
2.54229
10.6496
7.15195
3.49022
2.25801
1.5871
1.63197
4.84754
6.18074
4.10799
2.20921
3.22821
1.36072
3.96113
0.612674
7.33271
1.71374
0.829124
0.806651
3.6718
5.19599
8.76197
0.262773
1.50305
5.2275
9.93278
11.7665
4.77516
2.22612
2.222
1.7375
8.32229
3.30928
2.44319
2.93902
4.4394
9.03019
1.84812
3.08947
6.46845
3.93789
6.91328
0.493183
2.00364
4.45753
2.77904
2.81042
3.77016
3.32742
4.95473
0.685255
1.48731
1.03133
5.68484
14.0593
4.0176
8.23969
4.57234
13.8559
1.71394
6.80696
2.90389
1.66828
1.87539
3.04865
1.55023
0.506592
2.90338
3.27251
2.86038
1.32808
0.57309
1.83321
0.617412
8.67855
4.59676
5.27683
3.55036
2.61955
3.34185
3.66185
3.77626
1.08109
8.54858
4.77099
3.67845
2.69413
6.4421
6.47364
0.350185
2.42814
11.0794
0.222249
3.71604
2.98073
1.43929
2.10994
2.06544
12.8634
5.29835
0.880535
3.26045
1.37301
2.25408
1.22279
2.40469
1.75547
2.42012
6.57759
4.70843
1.62799
2.00637
2.60481
3.56131
0.58796
1.62587
8.09075
1.83736
2.07861
5.39891
4.03848
2.14029
4.9796
1.3796
4.24233
1.51661
2.22355
4.61377
4.30721
6.13497
5.32061
4.33874
2.71853
4.83808
3.46715
1.95154
2.72983
0.959592
1.33443
5.34566
0.881259
1.59979
4.31698
3.28005
2.85986
7.54669
1.45273
5.28557
0.920548
4.99958
1.61672
14.5423
3.28726
3.01487
0.735393
3.6694
1.45135
3.04699
3.11048
8.09977
13.4073
6.65908
2.58203
3.32534
2.17113
1.42808
3.79288
2.29827
2.90304
1.33046
8.03659
3.38732
4.78945
4.33442
3.63884
5.6498
4.48736
0.55226
3.16627
5.26404
8.39532
0.884034
3.09505
5.21631
1.2279
10.4464
1.40892
1.81696
2.55142
9.20837
1.68923
5.43255
3.02015
1.06872
2.63894
2.23681
0.816956
1.69644
3.61731
10.0092
2.44303
3.15858
1.75874
8.03536
2.23557
4.70689
1.69321
4.81183
6.59311
2.13151
4.57403
4.81419
1.91843
0.460229
7.42742
1.79602
1.2127
5.32296
3.3199
1.10984
4.63759
1.93583
6.49135
7.75515
2.96848
9.08323
3.0838
0.391224
3.02392
3.66305
0.177438
4.31586
6.28371
2.85367
2.31621
2.1071
1.57863
12.1739
1.02167
3.20732
6.51529
2.14501
4.3911
1.40672
5.35398
3.68812
6.82218
6.58212
3.49529
3.09094
3.44767
1.36239
10.6035
9.74275
2.16489
6.79504
2.71957
4.44341
3.73443
3.02307
0.687984
1.10792
2.46847
2.06275
2.87843
7.64983
2.02723
5.71306
6.01793
11.3098
2.6295
5.58293
3.63391
3.80035
5.49761
1.27708
3.72743
3.37311
3.30559
2.31102
5.56587
0.692066
4.07124
4.46663
0.589893
4.98598
6.95353
5.65557
3.37238
4.77969
5.80296
2.3012
1.60089
3.86248
7.50378
8.40829
7.42441
0.921945
3.51287
3.22474
3.16656
2.30362
3.04448
2.06625
12.8438
2.71675
2.03631
1.27367
3.46799
2.90283
2.75123
8.78322
1.0587
5.63692
4.45164
7.71623
2.84088
2.50937
4.70497
3.79968
4.66424
3.08847
5.94688
2.44575
2.2323
3.74919
6.89239
2.60827
4.30904
3.51278
3.66249
5.22048
3.98025
11.4921
1.69455
2.51927
7.23809
6.67067
2.25833
5.11299
10.0308
2.86734
2.30436
1.86352
7.04907
6.72596
7.50624
9.62018
2.96574
8.63235
1.34854
4.21596
2.45137
7.4017
1.40976
8.35331
1.6442
6.8067
1.36743
5.78161
1.84357
2.38325
0.739493
3.15144
2.41292
2.76849
3.83887
3.86883
2.86407
2.16387
2.05758
2.73614
2.51991
3.55502
6.55994
3.07297
7.4508
3.98138
3.58173
3.77566
0.799487
5.57119
9.14636
4.85802
0.290162
0.255465
2.08158
0.403237
1.52231
4.02087
0.946743
10.0914
6.3074
4.48929
0.119797
4.86244
7.11605
2.18498
4.75725
1.41545
4.61023
2.85639
0.328356
1.46687
3.19175
11.5319
3.12847
2.01774
1.29774
4.7461
4.7709
1.5218
2.21201
3.52236
7.03695
2.84181
4.52772
3.67827
9.49706
2.08857
2.80403
4.21414
5.90402
3.42274
5.33752
1.21437
2.11064
0.694431
2.74377
9.67996
5.74052
0.281175
1.49662
0.246103
8.06636
3.14525
1.83475
3.70314
1.16978
4.6542
3.39439
1.54357
4.54815
2.97942
6.62389
3.47382
6.91648
2.36427
1.92607
2.95041
3.78664
5.05909
2.93454
0.611859
1.57821
1.39114
2.62071
4.34009
1.16639
2.92248
1.35109
1.83078
4.10034
1.44138
3.2994
2.23345
3.39381
2.8927
8.91375
1.64728
4.08932
3.00688
3.50983
6.98059
5.15779
3.72972
3.90352
2.70738
5.19336
2.17945
2.45248
3.01829
3.2208
1.13839
2.31811
4.25525
6.07162
2.48537
1.56104
2.98868
6.11142
2.81565
1.28659
4.27421
5.85901
2.14713
0.311442
1.06994
1.60414
1.62703
1.58419
0.885004
8.40955
2.17297
5.66862
1.38698
1.07829
3.92308
0.426849
5.73727
1.88427
3.29102
3.52783
3.28814
5.77531
1.7894
7.36708
1.99
7.01575
2.17843
1.29646
1.96845
13.6143
2.0095
10.2105
1.2626
1.05465
2.04691
3.02736
7.53083
2.38445
8.14105
0.810452
4.70719
4.41297
0.865382
4.0245
6.53837
0.529853
4.16481
2.1073
6.79092
6.21788
1.70243
3.33188
2.60649
1.98998
0.250049
1.93395
1.4633
2.5313
3.30634
1.45944
4.22237
4.97274
1.42382
3.56157
6.02532
2.30245
1.0775
2.30686
3.35061
2.97143
3.72689
5.44106
2.08328
1.57927
3.30143
1.74732
1.3178
3.06174
2.11196
5.71302
10.5806
1.5106
0.367082
1.61525
3.6212
9.71208
0.261739
11.4383
2.64611
1.76512
0.566499
0.453105
1.51022
1.89167
3.17941
6.38639
3.15074
3.1218
1.92895
3.61753
6.74642
4.12019
3.45856
7.20138
0.868531
3.12772
0.572263
1.05332
2.53492
5.18207
7.3208
7.69889
9.03423
3.64832
1.22005
7.4504
1.98792
1.4627
4.58027
4.35885
2.61569
5.53476
1.44121
7.20913
0.29848
0.210157
1.81575
2.37452
0.287112
7.40029
1.71342
2.05675
6.42895
12.5851
0.2063
0.619924
2.96557
4.67397
2.65331
4.98062
2.52239
13.8973
0.311073
2.7325
3.93146
6.92064
0.427795
1.64467
7.7175
4.6231
3.13221
1.14286
7.959
2.26586
1.9345
4.65573
2.86601
2.39915
11.9751
3.0246
5.96787
3.79335
2.62655
1.35733
3.1614
3.97834
6.21808
1.97781
3.16527
3.34974
5.00358
3.28781
4.51198
4.24071
3.4842
1.83797
2.34461
1.70994
4.59647
3.54248
2.16201
4.04039
2.8459
3.11117
8.83509
7.60338
7.29798
2.17514
8.62289
9.53022
3.9416
2.46662
6.96917
6.56731
5.06859
0.283858
6.77587
2.53518
10.1002
23.9008
0.202011
7.75663
1.91518
2.05013
2.22376
1.62627
1.89809
7.46493
2.27195
3.45037
0.889152
1.65113
13.2288
3.27427
4.42996
8.75888
1.28162
3.27466
2.27543
1.70347
4.40431
1.21127
3.60797
2.19266
0.860565
3.4663
2.21225
1.41725
7.14922
17.0749
7.95521
3.68282
0.989363
2.2245
17.8631
4.14247
1.09746
2.81206
2.26048
6.36176
3.86238
2.09972
4.16734
5.21984
5.44382
6.53966
6.44258
5.61419
3.15793
0.7127
5.05609
11.8961
11.9969
