1.08786
2.70108
2.82662
2.84339
4.60662
1.01358
3.70574
3.12287
3.89906
1.74058
1.40119
3.85092
2.76701
4.66269
0.968801
2.31747
4.19793
3.66394
2.36863
0.983391
3.683
2.94767
4.03595
1.73847
2.05991
3.0266
2.84339
4.60662
1.01358
3.70574
3.12287
3.89906
1.74058
1.40119
3.85092
2.76701
4.66269
0.968801
2.31747
4.19793
3.66394
2.36863
0.983391
3.683
2.94767
4.03595
1.73847
2.05991
3.0266
2.84339
4.60662
1.01358
3.70574
3.12287
3.89906
1.74058
1.40119
3.85092
2.76701
4.66269
0.968801
2.31747
4.19793
3.66394
2.36863
0.983391
3.683
2.94767
4.03595
1.73847
2.05991
3.0266
2.84339
4.60662
1.01358
3.70574
3.12287
3.89906
1.74058
1.40119
3.85092
2.76701
4.66269
0.968801
2.31747
4.19793
3.66394
2.36863
0.983391
3.683
2.94767
4.03595
1.73847
2.05991
3.0266
2.84339
4.60662
1.01358
3.70574
3.12287
3.89906
1.74058
1.40119
3.85092
2.76701
4.66269
0.968801
2.31747
4.19793
3.66394
2.36863
0.983391
3.683
2.94767
4.03595
1.73847
2.05991
3.0266
2.84339
4.60662
1.01358
3.70574
3.12287
3.89906
1.74058
1.40119
3.85092
2.76701
4.66269
0.968801
2.31747
4.19793
3.66394
2.36863
0.983391
3.683
2.94767
4.03595
1.73847
2.05991
3.0266
2.84339
4.60662
1.01358
3.70574
3.12287
3.89906
1.74058
1.40119
3.85092
2.76701
4.66269
0.968801
2.31747
4.19793
3.66394
2.36863
0.983391
3.683
2.94767
4.03595
1.73847
2.05991
3.0266
2.84339
4.60662
1.01358
3.70574
3.12287
3.89906
1.74058
1.40119
3.85092
2.76701
4.66269
0.968801
2.31747
4.19793
3.66394
2.36863
0.983391
3.683
2.94767
4.03595
1.73847
2.05991
3.0266
2.84339
4.60662
1.01358
3.70574
3.12287
3.89906
1.74058
1.40119
3.85092
2.76701
4.66269
0.968801
2.31747
4.19793
3.66394
2.36863
0.983391
3.683
2.94767
4.03595
1.73847
2.05991
3.0266
2.84339
4.60662
1.01358
3.70574
3.12287
3.89906
1.74058
1.40119
3.85092
2.76701
4.66269
0.968801
2.31747
4.19793
3.66394
2.36863
0.983391
3.683
2.94767
4.03595
1.73847
2.05991
3.0266
2.84339
4.60662
1.01358
3.70574
3.12287
3.89906
1.74058
1.40119
3.85092
2.76701
4.66269
0.968801
2.31747
4.19793
3.66394
2.36863
0.983391
3.683
2.94767
4.03595
1.73847
2.05991
3.0266
2.84339
4.60662
1.01358
3.70574
3.12287
3.89906
1.74058
1.40119
3.85092
2.76701
4.66269
0.968801
2.31747
4.19793
3.66394
2.36863
0.983391
3.683
2.94767
4.03595
1.73847
2.05991
3.0266
2.84339
4.60662
1.01358
3.70574
3.12287
3.89906
1.74058
1.40119
3.85092
2.76701
4.66269
0.968801
2.31747
4.19793
3.66394
2.36863
0.983391
3.683
2.94767
4.03595
1.73847
2.05991
3.0266
2.84339
4.60662
1.01358
3.70574
3.12287
3.89906
1.74058
1.40119
3.85092
2.76701
4.66269
0.968801
2.31747
4.19793
3.66394
2.36863
0.983391
3.683
2.94767
4.03595
1.73847
2.05991
3.0266
2.84339
4.60662
1.01358
3.70574
3.12287
3.89906
1.74058
1.40119
3.85092
2.76701
4.66269
0.968801
2.31747
4.19793
3.66394
2.36863
0.983391
3.683
2.94767
4.03595
1.73847
2.05991
3.0266
2.84339
4.60662
1.01358
3.70574
3.12287
3.89906
1.74058
1.40119
3.85092
2.76701
4.66269
0.968801
2.31747
4.19793
3.66394
2.36863
0.983391
3.683
2.94767
4.03595
1.73847
2.05991
3.0266
2.84339
4.60662
1.01358
3.70574
3.12287
3.89906
1.74058
1.40119
3.85092
2.76701
4.66269
0.968801
2.31747
4.19793
3.66394
2.36863
0.983391
3.683
2.94767
4.03595
1.73847
2.05991
3.0266
2.84339
4.60662
1.01358
3.70574
3.12287
3.89906
1.74058
1.40119
3.85092
2.76701
4.66269
0.968801
2.31747
4.19793
3.66394
2.36863
0.983391
3.683
2.94767
4.03595
1.73847
2.05991
3.0266
2.84339
4.60662
1.01358
3.70574
3.12287
3.89906
1.74058
1.40119
3.85092
2.76701
4.66269
0.968801
2.31747
4.19793
3.66394
2.36863
0.983391
3.683
2.94767
4.03595
1.73847
2.05991
3.0266
2.84339
4.60662
1.01358
3.70574
3.12287
3.89906
1.74058
1.40119
3.85092
2.76701
4.66269
0.968801
2.31747
4.19793
3.66394
2.36863
0.983391
3.683
2.94767
4.03595
1.73847
2.05991
3.0266
2.84339
4.60662
1.01358
3.70574
3.12287
3.89906
1.74058
1.40119
3.85092
2.76701
4.66269
0.968801
2.31747
4.19793
3.66394
2.36863
0.983391
3.683
2.94767
4.03595
1.73847
2.05991
3.0266
2.84339
4.60662
1.01358
3.70574
3.12287
3.89906
1.74058
1.40119
3.85092
2.76701
4.66269
0.968801
2.31747
4.19793
3.66394
2.36863
0.983391
3.683
2.94767
4.03595
1.73847
2.05991
3.0266
2.84339
4.60662
1.01358
3.70574
3.12287
3.89906
1.74058
1.40119
3.85092
2.76701
4.66269
0.968801
2.31747
4.19793
3.66394
2.36863
0.983391
3.683
2.94767
4.03595
1.73847
2.05991
3.0266
2.84339
4.60662
1.01358
3.70574
3.12287
3.89906
1.74058
1.40119
3.85092
2.76701
4.66269
0.968801
2.31747
4.19793
3.66394
2.36863
0.983391
3.683
2.94767
4.03595
1.73847
2.05991
3.0266
2.84339
4.60662
1.01358
3.70574
3.12287
3.89906
1.74058
1.40119
3.85092
2.76701
4.66269
0.968801
2.31747
4.19793
3.66394
2.36863
0.983391
3.683
2.94767
4.03595
1.73847
2.05991
3.0266
2.84339
4.60662
1.01358
3.70574
3.12287
3.89906
1.74058
1.40119
3.85092
2.76701
4.66269
0.968801
2.31747
4.19793
3.66394
2.36863
0.983391
3.683
2.94767
4.03595
1.73847
2.05991
3.0266
2.84339
4.60662
1.01358
3.70574
3.12287
3.89906
1.74058
1.40119
3.85092
2.76701
4.66269
0.968801
2.31747
4.19793
3.66394
2.36863
0.983391
3.683
2.94767
4.03595
1.73847
2.05991
3.0266
2.84339
4.60662
1.01358
3.70574
3.12287
3.89906
1.74058
1.40119
3.85092
2.76701
4.66269
0.968801
2.31747
4.19793
3.66394
2.36863
0.983391
3.683
2.94767
4.03595
1.73847
2.05991
3.0266
2.84339
4.60662
1.01358
3.70574
3.12287
3.89906
1.74058
1.40119
3.85092
2.76701
4.66269
0.968801
2.31747
4.19793
3.66394
2.36863
0.983391
3.683
2.94767
4.03595
1.73847
2.05991
3.0266
2.84339
4.60662
1.01358
3.70574
3.12287
3.89906
1.74058
1.40119
3.85092
2.76701
4.66269
0.968801
2.31747
4.19793
3.66394
2.36863
0.983391
3.683
2.94767
4.03595
1.73847
2.05991
3.0266
2.84339
4.60662
1.01358
3.70574
3.12287
3.89906
1.74058
1.40119
3.85092
2.76701
4.66269
0.968801
2.31747
4.19793
3.66394
2.36863
0.983391
3.683
2.94767
4.03595
1.73847
2.05991
3.0266
2.84339
4.60662
1.01358
3.70574
3.12287
3.89906
1.74058
1.40119
3.85092
2.76701
4.66269
0.968801
2.31747
4.19793
3.66394
2.36863
0.983391
3.683
2.94767
4.03595
1.73847
2.05991
3.0266
2.84339
4.60662
1.01358
3.70574
3.12287
3.89906
1.74058
1.40119
3.85092
2.76701
4.66269
0.968801
2.31747
4.19793
3.66394
2.36863
0.983391
3.683
2.94767
4.03595
1.73847
2.05991
3.0266
2.84339
4.60662
1.01358
3.70574
3.12287
3.89906
1.74058
1.40119
3.85092
2.76701
4.66269
0.968801
2.31747
4.19793
3.66394
2.36863
0.983391
3.683
2.94767
4.03595
1.73847
2.05991
3.0266
2.84339
4.60662
1.01358
3.70574
3.12287
3.89906
1.74058
1.40119
3.85092
2.76701
4.66269
0.968801
2.31747
4.19793
3.66394
2.36863
0.983391
3.683
2.94767
4.03595
1.73847
2.05991
3.0266
2.84339
4.60662
1.01358
3.70574
3.12287
3.89906
1.74058
1.40119
3.85092
2.76701
4.66269
0.968801
2.31747
4.19793
3.66394
2.36863
0.983391
3.683
2.94767
4.03595
1.73847
2.05991
3.0266
2.84339
4.60662
1.01358
3.70574
3.12287
3.89906
1.74058
1.40119
3.85092
2.76701
4.66269
0.968801
2.31747
4.19793
3.66394
2.36863
0.983391
3.683
2.94767
4.03595
1.73847
2.05991
3.0266
2.84339
4.60662
1.01358
3.70574
3.12287
3.89906
1.74058
1.40119
3.85092
2.76701
4.66269
0.968801
2.31747
4.19793
3.66394
2.36863
0.983391
3.683
2.94767
4.03595
1.73847
2.05991
3.0266
2.84339
4.60662
1.01358
3.70574
3.12287
3.89906
1.74058
1.40119
3.85092
2.76701
4.66269
0.968801
2.31747
4.19793
3.66394
2.36863
0.983391
3.683
2.94767
4.03595
1.73847
2.05991
3.0266
2.84339
4.60662
1.01358
3.70574
3.12287
3.89906
1.74058
1.40119
3.85092
2.76701
4.66269
0.968801
2.31747
4.19793
3.66394
2.36863
0.983391
3.683
2.94767
4.03595
1.73847
2.05991
3.0266
2.84339
4.60662
1.01358
3.70574
3.12287
3.89906
1.74058
1.40119
3.85092
2.76701
4.66269
0.968801
2.31747
4.19793
3.66394
2.36863
0.983391
3.683
2.94767
4.03595
1.73847
2.05991
3.0266
2.84339
4.60662
1.01358
3.70574
3.12287
3.89906
1.74058
1.40119
3.85092
2.76701
4.66269
0.968801
2.31747
4.19793
3.66394
2.36863
0.983391
3.683
2.94767
4.03595
1.73847
2.05991
3.0266
2.84339
4.60662
1.01358
3.70574
3.12287
3.89906
1.74058
1.40119
3.85092
2.76701
4.66269
0.968801
2.31747
4.19793
3.66394
2.36863
0.983391
3.683
2.94767
4.03595
1.73847
2.05991
3.0266
2.84339
4.60662
1.01358
3.70574
3.12287
3.89906
1.74058
1.40119
