1.69553
-1.13737
2.92622
-1.13505
-0.204045
5.07077
3.29303
11.5684
1.21439
0.238188
1.23711
2.86579
2.95927
-0.474016
6.91753
7.67079
3.20342
0.228368
3.9887
2.93093
5.07661
-0.084515
0.0774527
-1.53257
3.42876
-0.140049
0.344108
0.593518
-0.64986
4.98955
0.69017
-1.51976
2.95373
9.96152
1.14737
3.45903
1.19159
2.86823
3.35201
2.46573
2.81054
3.94085
1.78488
3.79372
0.638569
1.47708
4.28945
0.0796333
2.41288
3.37007
0.86422
0.388034
-0.595947
1.414
-1.04829
1.9018
1.64559
1.94112
3.36441
0.995298
0.152076
-0.266126
-1.29326
4.70947
0.944725
4.0589
1.05443
0.750186
7.09848
-0.966079
2.85354
6.57822
10.7252
5.40473
-0.58589
5.82174
2.13625
9.15301
2.13265
1.4269
2.78728
3.33744
-2.12147
1.61906
2.4423
-0.480507
3.46173
0.415965
3.63754
-0.396314
5.9708
2.53336
3.10082
1.64489
0.735304
0.0252699
3.22717
0.453868
5.80492
1.71843
-0.444911
-1.60132
1.45327
2.95654
0.595536
-1.81945
3.00381
2.05977
2.25253
2.87821
1.38339
0.855307
4.47066
-1.79858
0.0602086
4.1632
7.30917
3.59036
-0.789266
3.68445
3.72079
1.57652
-0.594748
0.665555
2.66153
3.72347
-0.751575
3.01702
3.61482
2.40267
-0.165347
1.07934
0.159507
2.45309
3.96313
3.74989
10.0078
-1.72993
6.64913
1.16297
0.66937
3.31593
2.57025
3.79527
4.91187
0.485131
-0.759561
5.61004
-0.054712
1.46531
3.37843
1.62281
7.44439
0.45497
1.65922
2.42258
-0.222384
-0.812775
0.596648
1.15043
0.858726
0.629831
3.35638
0.771817
3.50235
0.973919
3.54787
4.55154
3.93776
7.7516
6.26073
0.23494
1.64862
2.45057
6.65146
1.50954
0.21064
2.76904
-0.709943
1.93159
8.47138
2.31671
1.97379
4.17126
-1.59619
-0.921975
1.26701
1.76857
-0.584288
1.24778
3.71938
-1.23867
2.05943
3.7389
4.36147
1.96239
4.2158
-1.59875
5.02273
2.73578
-0.5101
9.89211
2.60468
-2.21182
-1.52113
-0.097361
2.42292
8.94507
-0.77227
2.87121
4.06188
1.82269
1.16839
2.51921
0.928916
0.932413
4.48982
8.59695
3.1857
1.00008
2.08569
6.00006
6.56839
1.19048
1.80713
3.69667
0.0585526
1.61699
7.12981
0.660777
0.868032
3.59983
1.88195
1.35246
-0.700675
1.79237
6.25855
-0.0663046
0.442562
0.869463
4.36865
1.53213
0.467365
4.25412
2.64089
1.01409
4.04686
0.357463
-0.716851
0.223422
1.79544
3.16763
7.67837
-0.672957
1.25947
3.46539
0.277761
-0.445662
-0.0527735
3.98182
1.9449
2.05863
2.74522
2.36151
5.09739
4.55036
0.0726516
2.76218
4.40458
7.06596
5.11207
5.08433
0.0378458
0.193524
3.53245
5.78897
1.73184
3.21273
0.717071
1.17965
-0.530731
6.56859
2.91606
2.63074
4.05935
1.08138
3.05021
-0.66247
2.93431
2.77037
1.95809
0.721994
6.96636
5.30407
3.37228
3.01203
5.28073
3.4285
-1.49204
1.12909
-0.285669
1.28035
4.70923
-1.21854
-1.44055
-0.112109
-0.948795
0.77785
-0.527118
-1.31406
0.869094
-0.728672
1.04234
6.83615
6.85582
-0.702234
0.0638142
1.4237
1.74394
3.442
1.43815
4.26912
1.06867
4.47679
2.15108
3.08151
1.42274
1.05587
-1.29864
1.76504
3.36902
1.42637
1.49132
1.67646
5.21344
-0.0706946
3.19888
0.377275
0.623324
4.07661
5.19996
0.930843
2.89131
4.34107
-0.836368
1.19388
2.9318
-0.809609
4.20031
7.70128
-0.549876
0.884656
-0.612474
4.00775
4.2502
1.45877
1.91965
5.22981
2.70155
1.56942
1.3048
0.547815
-3.25815
4.21311
-0.556781
0.155325
-1.02588
-0.378555
2.60869
0.398923
1.40905
1.71545
3.4488
4.48893
2.62895
1.42687
1.27173
4.74465
2.94319
2.82442
2.56003
-0.0293368
3.65153
-1.47103
4.23299
1.46898
1.31115
3.10252
3.34489
3.86179
-0.665585
1.86552
2.76247
5.09716
3.09998
-0.250248
3.03856
4.41447
0.525216
0.0318103
0.0481373
8.25522
0.199891
-2.10852
0.719422
0.855258
0.414615
0.844854
-1.03186
0.225407
-1.79883
4.63929
-0.47583
0.893944
14.0424
3.80252
1.08086
0.701597
2.02056
4.2091
0.737422
-0.421121
0.85532
0.524203
3.65328
1.54081
0.488745
10.471
2.49385
2.90184
2.51775
-0.871498
1.25602
0.731685
-0.855743
0.0237997
-2.19501
0.897096
2.56931
1.88023
10.1888
-0.739937
3.90738
4.87784
1.28378
2.36458
0.95303
2.63247
1.70445
4.26277
-0.653861
2.30243
-1.55154
1.97649
6.34526
2.41396
1.63876
1.74885
2.80655
-0.34985
1.95886
-1.16477
4.13553
2.84318
1.07633
0.508663
1.83908
-0.637299
-0.749473
2.77736
2.80757
1.03692
2.90829
6.48323
8.42267
-2.13763
0.846768
1.35337
6.21186
-1.62336
-0.823945
-0.479844
2.97164
1.15749
4.25591
5.93
1.8403
1.98912
0.730298
1.04358
0.988323
-0.826359
1.00442
4.57359
-1.40839
-0.295032
-1.77972
0.656872
6.30333
2.3634
3.59905
1.62557
2.34686
1.53229
1.50176
4.41973
4.24402
3.68216
2.2507
-0.708128
3.3783
5.82522
0.114069
2.21835
0.886542
1.09501
3.65007
2.34355
2.04422
1.48564
0.206074
1.77926
3.09465
6.74908
2.11385
4.17485
0.542141
-0.319147
0.277016
2.41699
0.465378
4.89436
-0.391063
3.10187
1.72143
3.0731
-0.107859
0.429463
-0.815182
4.49334
2.25721
-1.82558
-0.339429
0.75848
-0.0969603
0.930891
1.17774
-0.767396
3.01429
6.1121
-0.202812
1.18119
4.07059
3.79647
0.479491
2.89306
0.540184
8.54682
-0.389102
-0.273622
4.03877
0.344812
1.45833
2.99473
-1.99629
-1.45587
2.02454
2.14395
3.90438
2.31397
2.94849
1.51429
-0.47729
0.829556
2.97955
0.577192
1.58621
1.33959
1.03146
0.147081
7.2873
3.03338
2.6963
1.06836
0.929778
1.75711
7.11516
7.96092
3.6647
-0.865182
-0.612797
-1.76983
2.26951
-2.46286
-0.471478
1.89237
1.8599
2.99082
-1.41462
1.74952
1.56875
2.79486
1.48147
4.89236
-0.105658
3.22897
9.29007
2.33288
-0.442769
0.978382
-0.771317
-1.85003
7.41823
2.99502
3.25585
0.956175
0.369154
2.8434
-0.928514
2.1016
0.205124
6.30015
6.16815
2.40791
0.995095
6.01751
-0.291835
5.89187
3.73178
0.584784
4.21214
4.95521
1.85256
5.83014
2.6639
-0.364167
4.49494
-0.999329
-0.345595
4.23041
-0.717035
1.52624
3.63297
-0.334129
0.309697
-0.0694278
2.04827
-0.588964
0.584407
2.05702
0.326582
1.95095
3.10315
-0.571952
-0.122709
4.01407
2.24584
-0.123422
2.81148
0.40708
-0.481697
3.50172
5.66987
-0.541766
9.75557
2.26043
0.282549
4.42587
3.28777
2.17961
1.80147
0.714218
2.51365
3.20565
0.581588
3.10011
0.821873
5.96974
3.46401
-0.0655392
-1.97015
6.7293
1.54605
1.68489
2.38301
0.741709
2.19956
0.506935
2.57546
3.65683
1.71468
3.11116
3.17406
1.61425
4.69848
-0.977387
-0.701597
10.7438
-1.48235
3.3089
2.51155
1.21604
6.09685
0.234434
1.25583
7.32021
3.77909
2.11625
-0.593308
2.19476
-0.201191
5.21301
3.59871
-1.53667
1.38758
1.47193
0.482932
0.615903
-0.642329
1.77003
2.65696
0.321914
-1.38923
2.77157
-1.81722
0.0150421
0.68066
0.0266041
4.10168
1.98527
1.00162
5.21417
4.91349
4.37544
0.876862
-0.244318
-0.426771
5.43209
4.62177
-0.571241
1.45195
7.13679
1.9353
6.2999
4.42058
3.61973
3.72293
0.308824
0.619982
-1.07541
4.70119
0.647003
1.86579
-0.731577
0.348772
1.84268
2.25801
1.96698
2.05681
0.0552586
4.42028
-0.541575
4.40109
-1.71301
0.734513
-1.80922
-1.24329
1.09116
2.02034
2.66388
3.24549
0.898964
7.68688
6.36831
2.88715
4.02573
1.00754
3.70956
2.98035
1.56307
4.56607
1.68689
6.65696
-0.32646
3.81811
4.54208
4.39337
5.9507
1.67279
0.0840374
3.25935
-0.0522479
3.78391
3.09329
3.12085
-0.445613
-1.93585
2.52179
2.51044
3.37862
1.36075
4.11839
7.51194
2.8618
2.0979
1.03191
1.71717
8.05275
0.481495
1.92017
0.338187
10.1265
-0.35209
2.71886
1.35868
1.1001
3.69664
6.44937
-1.30761
4.59364
0.873677
0.899341
3.05844
1.37497
4.71874
10.1276
4.41426
3.7038
0.115264
1.97486
3.01911
-0.817232
-0.364193
1.54913
1.93309
2.40391
0.974051
-0.981375
-0.891614
8.48302
1.78501
3.87857
0.233487
6.03537
-0.961284
6.20338
1.10712
1.55988
7.10016
8.89827
2.50057
0.262193
1.2159
-1.06796
5.69256
0.175432
1.55784
-0.787888
-0.553934
2.60169
2.06534
1.96459
1.28216
1.19372
3.50324
3.20272
-1.18335
5.90615
1.79572
2.45514
-0.128325
0.903058
0.891459
0.583828
2.73695
7.61407
5.96065
-0.883541
-1.06183
4.36132
-1.72591
2.56322
2.01237
12.946
6.59653
3.11667
2.15266
11.5058
-1.24442
3.25741
4.9064
2.55287
7.98818
0.634859
-1.68717
2.68808
0.871669
2.21489
3.49927
0.164538
0.681619
1.10313
8.38664
0.691122
4.4024
5.99953
-0.388312
3.6484
-1.32375
1.74591
2.18616
1.41181
-1.01814
1.42852
0.347873
-1.76785
0.544853
-0.703995
2.82575
-2.40643
4.39773
2.58234
2.47685
4.00743
-0.332066
5.01001
0.150752
-2.65873
6.45635
9.52711
-0.771775
1.59244
1.8533
-1.7221
5.08957
2.43643
2.75045
3.72952
2.59657
0.237875
1.59892
1.41942
-0.36955
1.22424
9.55007
5.15938
2.12099
1.11713
0.663462
5.9214
0.58925
-0.87841
4.71071
6.55589
1.95956
4.55022
0.438409
0.496166
2.65554
0.520076
1.54233
-1.18944
-1.44051
3.7901
0.425794
-0.561278
6.92767
0.177397
-1.07071
1.12552
4.49967
3.73931
3.9283
4.28612
3.01801
-1.61309
2.07232
4.25194
2.64997
6.37041
4.80578
0.822992
2.05078
2.52886
2.33755
2.57607
1.49057
2.04515
5.09558
2.07888
1.5178
0.633073
0.613773
4.24622
2.79416
0.127705
0.492324
3.28462
3.49703
-0.0422244
