2.62373
-1.83665
5.98945
9.1502
-0.284594
1.90564
3.8845
-0.0803486
6.48473
1.78699
1.2499
1.9208
9.6337
14.9988
3.11131
3.43681
2.9968
2.80226
-2.20288
11.2909
7.33135
11.6542
2.92521
2.21429
8.56475
-0.254689
-1.88557
-0.0796251
-0.904065
-0.763427
-0.0300621
4.86128
5.81987
-1.50862
7.21121
6.74466
12.9439
11.2495
3.71398
0.339639
5.7205
2.25602
4.24934
-1.80891
11.2088
3.97021
4.57359
3.00441
9.93315
10.8067
5.98538
5.28551
-0.782869
4.95839
2.04378
4.61907
-2.37597
1.34269
5.12239
4.82203
2.7648
1.39882
1.06069
-2.04081
11.4045
-0.0619768
17.5022
20.8019
6.53226
12.4254
3.70099
2.33925
-3.1088
2.8382
7.66591
7.00952
6.64373
9.50055
5.136
0.0409669
2.29256
-0.0588848
10.4379
8.84523
0.164719
0.120739
6.33971
3.79918
7.74397
6.62229
2.57862
18.341
4.87694
3.37105
6.30634
-0.889315
0.777872
0.758901
5.20605
5.22759
0.777431
7.35273
0.126053
7.52174
-2.98885
1.60236
0.0817909
12.1458
7.06647
9.09086
16.1006
3.43757
8.93715
0.214365
1.79622
8.39664
11.5872
13.3611
13.6846
-0.335772
0.976595
8.88613
7.43412
-0.236482
9.23372
6.34141
3.4606
0.58136
0.996337
11.1823
3.28618
3.28387
0.238105
3.07141
4.37527
2.1574
5.04663
10.4667
15.6094
-2.79562
-0.81558
13.1546
4.13742
3.44176
-2.19443
1.1855
1.80802
1.46518
11.2662
13.9574
3.64983
13.7121
0.666878
6.4425
4.8085
5.32047
-1.14155
27.6298
11.3101
6.02104
2.88369
6.41073
-0.955094
4.43093
6.7293
2.24449
9.15198
4.84779
1.59943
0.597819
1.66884
8.646
5.385
2.67941
3.79323
14.6415
0.164998
0.169293
1.15742
7.36189
-1.08971
4.69468
1.21249
-2.13962
-0.59057
5.04398
6.26167
-0.220157
11.0978
8.88567
6.0727
4.47979
9.45036
1.03313
-1.42916
7.73106
5.70305
0.81726
6.73143
1.09254
1.94038
0.134543
-2.02354
12.5988
-1.05249
1.78121
6.34358
3.80234
1.0471
3.32941
17.8517
0.400886
1.88695
2.60142
-0.854556
0.956958
4.19793
16.6741
4.41715
9.40677
0.616534
2.80772
4.5067
9.18916
1.90092
1.82794
2.4844
8.84295
5.06479
-0.244726
6.75925
8.9842
8.46247
3.72711
7.47248
2.65211
12.7617
0.440922
4.39959
12.8818
1.59655
4.81186
5.82436
15.7121
2.37889
2.57694
6.87891
0.0355548
10.937
6.47085
10.6263
4.65298
4.4382
9.4578
-1.45276
-3.13991
16.235
2.82335
0.12545
5.23594
5.14611
5.0659
0.81754
5.22217
14.4831
8.07713
8.32509
10.8968
5.85524
4.06977
6.85655
1.12793
8.5092
11.7364
10.9082
6.67449
17.1829
7.27368
7.83796
6.59933
16.2955
-0.739828
7.83466
8.41546
7.77219
-0.878467
4.77954
23.916
3.5996
1.01207
-0.789745
0.633614
1.77245
7.42004
0.577689
4.43866
5.54044
13.3623
5.27331
2.06678
4.08968
2.5077
11.06
3.99986
1.55324
0.980607
2.0757
5.61938
2.5169
2.48082
3.79579
-0.92
-0.525905
5.04812
-1.61123
2.02805
-1.04861
11.5781
7.94902
12.5055
2.29118
7.83713
2.08896
3.76822
7.68429
3.89789
1.03624
1.82784
2.84989
10.2115
-1.17463
4.17687
4.77319
-1.49264
7.05551
1.27407
1.43707
-1.43475
5.11439
10.3801
-0.849687
4.12829
9.5546
22.5447
3.54044
3.63794
-1.12836
1.91037
17.3306
10.0811
5.40351
1.31576
13.5385
1.19543
0.419624
4.64084
3.80451
-3.19008
-1.63248
10.3322
11.0308
2.75004
5.22803
2.40538
4.26638
0.682144
5.09726
18.749
4.3482
10.1765
25.753
1.90789
-1.63181
10.9605
2.75626
-1.31819
4.68805
1.85403
-1.28313
12.91
6.09972
0.09117
6.33127
4.69672
4.02987
-1.64769
0.591945
-0.838183
7.15722
0.335591
15.5722
13.4134
5.17403
2.22685
2.55339
6.77102
8.06817
1.05024
1.80027
0.636525
4.63183
6.56887
3.39325
8.54101
7.03543
0.410981
4.88405
12.5466
4.71206
5.32304
4.442
6.88977
2.95029
3.33485
2.27135
12.6623
18.5261
-0.133547
9.24072
4.04098
3.80575
-0.156911
-0.5809
1.98664
3.6217
3.67395
1.60106
3.93026
3.73894
9.05477
11.5996
1.61169
3.02012
1.80472
20.5908
10.2073
2.03572
0.956382
-0.0711034
-1.08772
11.4029
12.8255
-0.690715
2.17493
9.63861
0.714451
10.5927
3.50341
2.69651
1.60553
-1.70357
1.79654
3.4062
9.15876
0.586051
17.2548
5.77535
2.72971
10.119
10.6709
6.44955
3.70204
7.20515
15.2803
6.27293
-1.5789
7.41545
16.9156
5.45596
0.360464
9.60652
6.76941
11.0976
11.8415
3.71248
4.38545
-0.601606
5.66247
3.50277
5.14508
2.56797
12.5092
22.5995
11.7493
0.240772
-0.807789
1.08267
3.49345
10.1341
3.62329
1.93698
1.33754
8.66583
4.12566
2.39366
1.95111
4.94899
6.33667
5.4198
0.54948
4.90913
2.07156
-1.18403
3.1202
5.34885
1.34695
-1.11573
3.28728
1.64696
4.6364
6.55706
6.55485
6.13819
-1.07355
7.17749
-1.79157
6.50234
2.63681
9.02066
1.21279
2.35033
-0.887267
6.857
0.91871
4.53236
6.3967
10.2665
0.492252
-1.72547
10.7054
4.70427
2.64695
9.91887
7.91604
-1.09084
14.3267
2.4872
14.5945
0.0884765
13.3024
4.45048
11.7262
-0.072625
12.1205
4.72941
17.8223
4.2932
4.99964
2.31744
19.2539
2.63014
12.3254
10.5911
4.77238
3.42047
0.951308
1.41116
6.52346
1.43834
-1.38784
0.370257
2.76836
2.03189
2.29771
-0.488897
6.33597
4.41774
12.2019
10.3217
-0.601792
3.73688
2.22778
0.84506
2.44719
1.67885
9.55572
5.8568
0.889355
-1.63963
-0.734425
8.81468
15.509
3.10465
5.82735
-0.972097
8.3992
9.00367
1.0765
2.90215
18.3065
10.9106
8.25409
2.65665
13.9245
8.74476
4.39592
13.2267
2.90272
-0.806297
3.5192
26.7982
6.39968
2.68041
4.78717
10.3197
2.37878
1.19214
-1.04156
11.0362
-0.183985
4.73706
1.90103
4.80565
7.26756
3.16481
8.49868
5.53966
3.31079
4.67146
6.75846
8.23913
-0.278663
1.56657
5.09882
10.3604
14.8166
6.73735
3.59915
4.11181
4.79609
8.97413
2.55297
3.11513
-0.469177
18.7951
14.8573
-0.712669
7.56058
2.77062
2.35186
0.595988
6.4175
4.6712
5.03303
3.55092
3.54754
6.93059
9.47297
1.99989
5.75097
2.45173
5.89252
6.8637
3.14537
8.14252
11.4146
-0.0204109
0.817405
9.11516
1.36117
-5.19811
5.33554
0.121822
9.27255
13.289
5.9237
3.26807
16.7435
9.0815
11.9685
4.83514
8.36078
5.99607
4.98261
1.43494
-1.98054
9.45451
1.04303
1.33793
7.92431
2.37693
2.68061
6.77864
4.68853
6.73561
2.20717
-0.00337141
8.68005
1.33372
16.6397
-0.327884
1.27906
4.41262
4.34369
-1.19335
11.2637
1.88502
3.54456
6.12621
13.3051
6.861
-2.23675
10.9893
6.88304
0.937245
1.55697
3.9231
-1.7769
2.29764
0.22928
3.20211
24.0236
13.0831
5.58848
3.9358
0.0670247
4.71391
19.5701
5.91639
2.82668
0.756776
5.9386
6.08635
2.28389
4.91324
0.810814
8.34275
2.42461
5.01665
11.7976
8.00901
5.35764
-1.17869
5.35663
14.308
0.647444
5.72857
7.0635
2.30382
6.24237
22.437
3.51408
7.59205
0.766638
7.4403
-3.3123
12.494
14.3032
6.07363
-0.915004
8.45051
12.0525
-0.0162613
4.24211
7.94253
5.98756
2.87638
12.9099
2.00612
5.04113
-0.582374
2.57613
13.3671
1.60624
2.55606
3.63644
12.8454
4.06435
3.09446
10.8391
4.47531
1.73614
10.1803
8.12797
4.76032
4.54377
5.0651
0.0738611
18.1315
11.9399
5.69833
6.92584
9.36446
0.97523
1.31247
1.32457
2.62368
9.60103
1.0229
1.40345
-1.86332
2.92154
4.02352
-0.663136
6.39353
5.08474
11.2339
5.21086
2.27939
3.96909
-3.41916
6.51896
3.1416
7.23323
7.0854
2.47065
1.67451
-2.97298
5.50812
20.5007
0.473448
8.09958
2.92112
3.80488
4.34556
3.84057
-2.9941
-3.33045
6.34251
11.342
4.22177
-0.590724
5.20141
4.10947
8.03237
1.70022
9.22662
8.52205
2.01271
4.73465
6.5418
1.83872
11.6852
1.80619
1.27114
11.9425
2.50706
1.92852
1.16297
11.864
-1.25504
2.4171
8.5942
4.42661
2.66265
4.20935
0.0412711
3.74426
5.28833
6.97507
8.07014
11.0017
5.64993
0.831931
10.2056
4.09597
4.30636
15.597
16.442
3.68585
8.22556
0.484925
14.6495
4.76294
-1.22295
-0.597083
2.07109
5.27467
3.57177
5.45931
3.2101
0.860728
0.0593611
9.40382
5.28935
10.5977
11.4232
10.1963
4.67693
3.15411
7.32088
8.93014
0.290217
4.79301
1.17429
4.48916
16.8998
7.92723
9.56551
19.3337
3.22622
-1.41683
3.2308
0.769926
4.10653
17.0863
5.01014
1.73324
7.36921
2.10329
7.6462
6.74293
4.58412
1.54381
8.33672
10.0853
15.032
1.50195
-1.88864
1.667
-4.91731
4.1117
2.64253
4.25271
4.43024
4.39301
3.05908
9.45081
9.16054
6.37681
5.60723
12.5439
5.38928
1.80632
2.14117
1.61425
3.29241
3.60462
-1.506
2.7709
-0.954247
6.90594
4.46842
-0.902086
1.62354
0.96722
1.07946
1.24112
7.02672
5.76465
2.91378
3.05806
9.80906
6.05606
10.7091
0.522952
1.35653
4.46096
9.52982
0.130034
7.28426
12.275
5.75878
4.30751
0.169765
7.59653
8.58241
4.39251
4.63736
9.40589
15.207
5.65846
16.3652
7.98089
-0.801111
7.98984
5.28663
5.8817
2.0638
8.25993
10.0398
3.93015
5.5806
-0.00763826
0.691252
5.93347
0.691761
1.28203
7.32141
5.77388
1.36228
-0.500219
-1.01304
7.62245
0.135749
1.2731
4.72312
1.13773
3.94703
-0.689575
4.20454
0.489903
5.18045
18.6267
10.5718
4.27265
9.48921
3.58716
6.92544
6.71212
