0.239003
7.80737
3.01169
10.2261
6.93605
10.7242
7.51149
1.35168
1.33664
4.10472
7.24135
6.13831
4.23166
10.3448
7.84712
-2.87042
4.27635
6.27722
5.90739
13.8037
-1.40116
0.974575
3.06879
4.3483
3.83661
5.14301
15.0162
1.75645
3.99541
3.74875
4.34568
5.60159
-2.95492
5.74473
4.15917
5.2297
6.54679
13.7855
9.95672
5.79818
3.426
23.256
3.88266
1.62608
7.01909
-3.10152
-0.140775
10.7527
-0.0263723
-0.610117
-3.0443
2.18396
11.7266
11.7298
2.27281
-0.281757
5.24437
4.4691
19.7825
7.40585
8.36684
3.36241
3.62605
4.89924
8.2243
1.18189
2.44586
1.36979
10.5922
0.862671
6.6234
8.87875
4.61567
4.57081
7.86566
8.90908
0.746133
16.3996
2.12633
2.74532
3.89691
5.54393
12.3081
12.9397
13.0912
3.00146
6.70616
3.95237
3.82085
9.18557
6.94248
5.73939
8.07211
-0.0526728
8.48531
1.31352
0.939695
0.93916
8.88695
13.0012
3.20736
0.767633
-0.650057
1.64772
2.74514
-1.17083
13.7794
4.39925
2.15505
16.9536
1.21664
0.929302
3.31939
7.83632
10.7049
6.91918
-3.51507
-2.75303
-1.74323
-3.2943
3.29123
11.808
13.3062
15.3568
-0.660702
5.6117
1.30782
7.91919
3.73981
5.57999
2.0318
5.93425
7.41729
10.7532
7.54044
9.66332
2.89942
-0.323631
8.07593
4.29765
-0.159753
-2.63996
5.60801
0.39485
3.49694
2.82103
-0.917181
4.83572
11.918
0.838087
-0.281425
10.0986
-1.65748
-0.873318
1.87124
5.3916
5.40321
0.625706
13.0154
0.589678
6.28425
4.4901
14.7143
3.89799
12.7809
6.6668
-2.80516
-0.507492
11.6037
12.5108
10.0875
5.93731
2.98003
0.543311
22.9882
0.670826
3.73351
3.51048
8.70808
1.73884
11.598
-0.275999
4.06393
9.93278
5.61879
11.5341
3.73554
7.25837
7.55152
4.37163
9.69901
6.4823
-1.1168
0.744724
10.1961
3.63932
-1.28267
1.61419
6.06298
14.8721
-2.30378
8.75963
3.63008
3.09442
-0.332153
3.79631
5.70454
22.5346
4.19324
7.50641
21.7618
4.05372
8.94265
0.60068
4.70719
1.79346
-2.76179
3.99165
13.722
17.9618
3.24042
0.166438
2.96308
11.0374
2.74404
-0.235657
6.56081
2.61926
4.23417
1.58987
1.4465
10.8822
6.84828
10.6394
0.575755
17.524
5.63221
1.59613
1.33237
1.42168
1.7445
3.9707
-0.345354
15.4969
7.30585
9.203
13.1922
3.9795
0.941801
0.249933
8.2603
2.40738
2.87009
5.98981
7.83338
0.294054
8.45493
1.18617
4.06271
3.57952
3.10997
-1.23065
1.62548
6.02154
4.72276
3.72661
1.35692
-1.72648
13.2038
13.048
9.67574
-4.85165
-3.44875
9.63839
0.615175
5.42736
0.187776
-1.71106
1.73626
2.60173
-2.39228
5.53607
7.48925
-0.193053
3.36198
10.8347
2.86719
-0.457031
11.4309
1.08439
9.58316
2.97452
6.85825
9.6305
4.37188
5.46398
7.97919
5.60017
7.0897
2.75682
-2.35037
2.56778
3.83039
-1.07403
4.08626
1.61281
3.60268
3.39293
5.96071
3.29139
3.9948
-1.74539
2.36759
3.76328
10.755
1.0183
-0.132635
1.96443
16.8322
15.9453
9.03738
3.55825
3.31448
2.62417
-0.768566
4.07979
4.77034
1.8594
2.1065
9.08444
9.34692
8.16601
5.59989
-0.523052
2.64722
6.12511
6.2966
3.12652
9.83852
19.9869
16.6799
-2.47074
6.43566
12.074
15.7321
4.80023
6.30006
3.03638
9.38978
1.37264
6.4267
1.63376
10.8622
8.01356
-2.77054
7.17211
7.80427
1.7408
1.01511
3.49098
0.912693
6.5783
4.28901
6.96314
0.0648914
11.4604
9.64847
0.0515987
-1.74886
1.9955
1.79672
1.28654
4.69087
1.8993
3.41901
1.72324
-2.52549
4.65014
1.12229
2.65656
4.15602
3.06026
2.90802
6.99887
-1.31862
9.95087
0.231547
0.760306
1.11134
11.4946
3.87373
2.24197
-0.0247738
4.12787
0.0240155
5.0427
2.57816
6.21916
4.19678
16.493
1.03392
8.34879
9.01683
8.50731
-0.4116
3.84188
9.32668
12.5238
2.04839
9.57849
2.66052
2.50092
-4.58819
2.82088
-1.22753
2.06901
9.45047
2.97049
-0.453612
11.6782
5.76615
6.03104
4.74872
0.342025
0.365966
6.93192
9.06069
3.90773
-3.47103
0.147553
-2.52532
3.43789
-4.4177
1.702
9.64707
5.97558
0.760778
3.90798
-0.426408
1.73221
7.31121
3.35516
0.709233
3.49674
16.0872
4.80463
24.0108
0.616652
0.570916
4.12242
9.17322
3.66063
-1.65588
13.4281
5.88251
-2.32229
0.751435
13.4201
2.84687
2.5423
7.76908
4.34096
3.68382
8.34566
11.5659
0.137174
10.4481
1.37029
4.66124
-0.472976
8.40866
17.3859
3.77163
-0.156383
1.5499
3.5645
7.28698
2.74826
-0.0410108
5.54126
12.2357
8.18833
2.18977
14.0544
0.9456
4.74285
6.79526
9.43528
5.30146
-0.112428
4.685
15.585
4.12759
-0.149062
4.1762
8.03326
-1.73587
10.4583
1.24287
6.0395
2.58541
0.775252
-0.199441
1.05343
4.91603
6.41051
0.112387
9.74145
11.6061
-1.1637
0.935071
5.0015
5.33325
-1.65623
10.1934
5.4
5.35504
10.0122
17.3856
4.93259
4.78915
-2.84527
2.70041
2.02139
-0.789285
12.2346
0.477398
3.84937
1.89459
-0.200517
0.372969
6.31746
5.12652
3.82699
5.07901
3.4537
3.09543
2.33382
11.668
-0.556169
5.32498
5.95321
6.26988
19.607
3.93428
11.8313
-0.161368
-0.0859857
3.70901
7.21246
6.75101
9.49621
1.41556
2.24912
2.67679
12.4646
-2.01386
10.5684
6.96411
-1.07135
5.35279
13.2568
0.932099
4.27637
-1.9615
7.00758
1.00731
2.73978
12.5746
6.08522
3.62
2.99806
4.59045
10.3046
-0.257014
22.2198
-1.23302
-0.269543
7.00983
10.0745
6.89931
6.54067
12.1797
0.996605
0.935047
5.90464
-0.894796
23.144
9.15145
3.56024
4.87663
1.63043
8.42647
6.58166
7.67779
5.70119
1.91737
2.32592
2.61981
1.33173
-3.91854
7.34422
2.54193
4.8704
1.78671
1.35138
-0.924339
5.72274
15.5062
2.08944
-1.26776
22.1076
4.98162
3.20572
9.48367
6.13001
2.88377
11.3723
8.57524
0.801723
-2.55766
4.04239
2.03762
4.05626
-1.64425
2.9472
6.23669
1.29213
6.61104
-0.353642
0.340831
1.19446
8.70127
7.85807
9.52327
2.41564
0.999201
8.03662
7.1063
0.554214
4.12417
1.98843
9.70284
9.93097
3.6526
-0.291427
4.18803
6.09345
-0.123125
-0.766184
0.0915745
11.3391
2.16333
1.68628
4.15085
10.2917
4.73902
0.0739243
9.47542
-1.63009
15.1687
12.6814
7.29743
14.4524
11.4596
12.5035
1.55306
-1.022
5.31211
1.15127
5.27518
6.15606
7.03001
7.13071
0.608839
2.47221
5.77308
-0.151107
5.63071
-1.60183
7.73429
2.41091
7.4422
14.3412
0.866649
-0.253688
7.7709
3.56329
3.64101
1.54033
16.4223
-0.771188
6.22096
4.05413
7.86835
3.38005
2.80895
3.14777
-0.0579145
4.5277
0.95226
3.00904
2.23328
-2.53185
4.22878
19.6635
6.40617
11.1607
13.8396
8.6458
1.41002
1.96683
14.9038
5.50691
6.1764
6.21689
30.0004
8.26554
3.3318
8.69267
1.63429
3.3615
5.52617
8.14579
17.9152
0.16381
0.524823
5.36006
1.87294
8.50411
0.789474
4.42564
8.37074
2.76341
6.13681
-1.1878
-1.68091
1.47526
6.79128
-0.686035
5.30218
-2.02324
1.49159
9.17569
4.4154
10.1992
1.90486
-2.09885
3.18201
-0.965867
4.20736
3.9361
2.50624
11.8168
2.47509
6.53627
5.32697
2.44143
16.5586
4.90328
1.36683
7.20487
3.5295
2.90913
2.87783
7.10027
-2.04912
-2.94051
-0.0480332
1.10089
-0.0676787
5.15192
3.27162
0.44281
15.5623
20.2794
-0.900655
3.90114
5.79462
14.4875
17.3376
0.475262
4.95328
4.49735
2.75186
6.45548
2.93031
1.68187
-1.7457
-0.0187652
-0.523285
1.26328
-2.46352
6.94882
8.38749
3.23881
3.70391
12.8277
0.402729
7.90507
11.3932
-1.90904
2.62055
3.61024
0.435089
10.5045
-2.30671
5.32297
-0.904392
-0.381729
6.26554
0.909617
2.32976
5.34949
-1.86954
2.4082
9.25089
0.621462
9.50071
5.6048
5.43666
7.61695
0.969621
8.56435
5.6427
5.62493
11.5813
10.9582
4.65385
5.91668
7.96268
14.5084
6.08442
4.64894
8.78166
5.40509
0.244408
-2.30068
-2.20802
-0.465987
6.67082
0.294347
16.2795
7.98478
6.68657
7.0212
-1.24563
-1.71517
1.63603
-0.266035
10.0964
2.96223
0.896141
5.38959
8.94417
1.52912
8.0079
1.94984
7.20262
11.3117
1.14768
2.82259
16.9952
1.41288
4.74269
11.1995
0.0417871
3.17841
2.75522
3.98097
6.55634
23.4138
5.80033
4.23085
-0.551784
-1.48194
4.62744
-1.28672
6.76207
2.70719
26.7006
8.35384
-3.63741
4.8072
5.16927
14.3953
1.54418
2.02233
1.76217
4.50253
4.85591
5.05306
6.36613
4.00723
8.4431
1.09931
2.5949
-0.0398578
4.83087
-0.457587
-0.29009
-0.361133
1.82151
5.00657
12.8804
9.21346
6.03797
4.62032
-1.21907
3.11725
7.56859
2.12613
0.0802277
12.0198
3.93196
0.183386
3.98626
0.196588
3.91774
6.88157
-0.460375
5.72849
6.35633
1.43452
-1.25199
-0.685915
-3.6553
9.13848
2.22421
8.10549
4.86012
1.07317
2.81928
-4.77971
6.03874
9.80399
7.0659
2.77804
4.94083
-0.41715
3.21305
3.83202
8.29512
0.244854
10.1035
10.217
0.691097
2.91958
15.3203
5.96169
10.5896
10.2506
11.1483
11.5516
4.40409
1.14684
8.78659
3.07495
-1.23676
0.894486
8.9276
14.9302
0.321775
4.44257
-1.01576
15.4277
16.2552
4.67872
17.8126
-0.354439
4.67282
0.943688
7.74269
9.99214
7.59801
14.6339
3.00935
13.6527
4.48978
5.75292
2.40464
-0.804401
5.73083
-0.193562
0.685753
14.8277
3.05827
5.38974
-3.06608
4.27776
6.2088
7.85495
25.1212
7.65766
2.50593
12.6761
4.48282
8.27582
4.77641
4.69543
